0,333 2,333 0,200 6,000 0,889 1,000 1,000 0,333 0,500 0,200 
4,000 0,889 0,167 4,500 0,750 0,600 1,286 0,375 0,500 1,143 
0,500 1,600 7,000 7,000 2,000 0,375 1,000 1,143 1,000 0,444 
1,000 6,000 4,000 1,200 3,500 0,625 0,600 0,625 9,000 0,875 
7,000 0,600 0,857 0,333 0,143 1,800 0,857 0,143 1,000 0,600 
0,857 1,000 2,000 9,000 0,333 1,600 0,500 0,714 0,600 0,889 
0,125 1,286 2,250 1,000 0,250 1,000 0,714 0,333 1,000 0,667 
1,000 0,556 0,889 0,200 0,111 0,200 0,167 0,571 0,714 1,667 
1,143 0,571 0,333 0,600 1,000 0,667 1,000 0,889 0,400 0,667 
2,000 1,333 2,500 1,167 1,600 1,167 1,800 0,800 0,750 0,500 
*** *** *** *** *** ***
1,000 1,143 0,333 1,125 2,000 0,857 0,833 0,333 9,000 2,000 
0,750 0,889 0,625 0,857 0,222 2,000 0,429 8,000 0,500 0,750 
1,000 2,000 1,800 4,500 1,600 3,500 0,667 0,667 1,000 0,667 
0,429 0,667 1,000 1,000 1,200 0,143 1,000 0,167 0,429 2,500 
7,000 1,500 1,333 1,400 1,125 1,250 0,625 0,889 1,250 1,400 
1,286 2,667 1,000 3,000 1,333 1,800 0,667 3,500 1,000 0,714 
0,111 0,889 2,000 1,400 0,500 0,500 1,333 0,143 1,800 0,750 
3,000 4,500 2,000 1,000 1,000 9,000 1,125 1,000 0,167 1,000 
1,000 0,375 1,000 0,800 0,556 1,500 1,500 0,333 0,250 0,222 
1,000 0,250 0,125 0,750 2,000 5,000 0,571 1,286 3,000 0,250 
*** *** *** *** *** ***
0,667 4,500 0,125 0,143 1,000 1,000 0,750 1,500 0,200 0,750 
0,600 0,500 0,500 0,857 0,125 2,000 4,500 2,000 0,857 0,500 
2,000 1,286 0,250 1,667 6,000 0,286 1,143 0,500 2,000 1,500 
0,222 2,000 0,167 1,500 1,333 2,333 0,444 1,286 2,667 1,200 
1,333 0,286 1,000 0,500 4,500 0,429 7,000 1,500 2,000 0,857 
0,500 0,800 0,222 0,500 1,167 0,833 1,000 1,000 2,000 1,286 
1,250 8,000 0,444 1,500 0,167 0,500 1,000 1,400 0,333 3,500 
8,000 1,200 2,333 1,000 1,500 0,667 1,333 1,000 1,333 0,500 
0,333 1,000 5,000 1,667 0,333 0,800 0,333 0,375 1,167 1,143 
0,444 1,167 0,444 0,222 0,500 0,833 2,000 1,750 0,400 0,667 
*** *** *** *** *** ***
