0,833 0,200 1,000 0,800 1,000 1,250 1,000 0,200 0,167 0,667 
1,600 0,500 0,667 0,250 0,500 8,000 0,714 0,714 1,200 1,000 
3,000 0,857 4,000 0,500 0,143 1,000 2,333 1,167 1,000 4,000 
1,500 2,000 9,000 1,000 9,000 2,333 3,500 1,000 0,429 0,833 
1,000 1,400 0,600 1,125 0,143 1,667 0,375 1,286 0,750 2,000 
0,250 1,000 3,500 0,556 1,250 0,143 1,500 1,800 4,000 9,000 
2,000 0,143 0,500 2,000 0,750 1,600 1,800 7,000 0,333 2,500 
1,750 1,667 0,600 2,250 3,000 4,000 1,000 4,000 3,000 0,500 
0,556 0,833 0,500 0,286 1,167 2,000 1,250 0,333 0,667 1,000 
1,125 0,750 2,250 1,000 0,200 0,250 2,000 2,000 0,750 2,000 
*** *** *** *** *** ***
8,000 0,500 0,500 0,250 0,444 0,778 2,000 0,778 1,200 0,875 
0,111 1,600 2,000 2,250 0,500 1,000 0,429 0,778 0,375 1,500 
1,333 1,286 4,000 0,857 2,000 0,600 0,857 2,000 2,333 0,250 
1,000 4,000 1,200 0,500 0,667 3,500 4,500 3,000 0,500 1,000 
3,000 1,333 8,000 0,750 6,000 0,833 1,250 0,500 0,500 1,500 
1,250 1,000 0,429 1,750 0,714 0,500 0,778 9,000 5,000 0,667 
1,333 2,000 3,000 0,143 0,250 0,111 1,000 0,889 2,000 0,667 
2,667 0,250 1,800 0,556 0,667 1,000 0,200 4,000 1,600 0,875 
0,111 0,833 3,000 2,000 1,667 4,500 0,875 2,333 0,889 5,000 
0,750 0,667 2,250 3,000 0,600 3,000 2,000 0,400 0,375 0,375 
*** *** *** *** *** ***
2,500 2,000 0,750 2,000 1,000 0,500 6,000 1,800 1,200 0,857 
2,667 0,750 1,667 0,571 0,500 3,000 0,889 0,800 0,500 1,600 
0,556 0,125 2,000 0,750 1,000 0,625 1,167 0,375 1,667 0,222 
7,000 0,500 0,200 1,333 0,889 1,143 2,000 1,167 0,250 1,333 
0,500 1,000 1,000 0,600 1,000 0,111 1,400 0,500 2,333 2,000 
1,000 1,333 3,000 1,143 8,000 0,667 1,400 0,222 1,167 0,500 
0,143 0,667 8,000 2,000 1,000 1,000 0,125 1,400 0,667 1,500 
0,714 0,875 9,000 7,000 0,778 1,000 0,778 0,400 7,000 0,333 
1,800 5,000 1,000 0,375 5,000 6,000 0,333 1,333 0,556 0,571 
0,333 1,333 0,222 2,667 1,400 1,400 1,000 0,750 0,111 0,500 
*** *** *** *** *** ***
