2,000 1,400 0,778 1,000 1,333 1,800 0,143 2,667 0,667 4,500 
0,714 1,000 0,125 1,667 1,000 3,000 7,000 1,500 1,800 1,000 
0,125 5,000 3,500 0,500 2,667 0,889 9,000 0,250 1,750 0,800 
1,667 0,750 1,000 2,667 0,250 2,333 6,000 1,250 0,333 1,500 
1,400 0,143 0,444 2,250 1,167 1,200 1,500 1,167 2,500 1,500 
2,000 1,286 1,333 1,667 0,111 1,500 0,750 0,250 0,556 0,857 
0,571 0,500 0,714 1,667 2,333 0,222 3,000 0,500 0,250 0,143 
0,750 0,667 0,250 1,000 5,000 2,000 1,000 5,000 1,000 0,889 
1,667 0,111 5,000 1,143 0,111 2,500 0,500 1,333 2,000 4,000 
0,400 2,667 5,000 0,333 0,500 0,750 0,250 1,000 0,400 1,750 
*** *** *** *** *** ***
0,667 0,889 1,000 2,000 0,500 9,000 2,000 1,286 2,000 0,625 
0,143 0,500 1,600 0,500 1,000 0,714 0,778 0,400 2,000 1,800 
0,667 6,000 1,333 0,600 0,714 8,000 1,333 1,000 1,500 1,000 
0,556 0,750 0,750 2,000 6,000 1,125 0,750 0,125 3,000 2,333 
4,000 3,000 1,250 0,333 2,000 0,667 1,143 0,333 1,667 2,333 
1,125 0,600 8,000 1,000 0,667 0,375 0,800 1,000 0,714 2,667 
2,667 5,000 4,000 1,000 1,800 0,444 2,667 1,167 1,500 4,500 
2,667 0,714 2,667 0,750 9,000 7,000 0,500 0,857 0,429 0,167 
0,625 2,500 1,286 0,556 0,429 3,500 0,250 1,125 1,000 0,600 
4,000 0,600 0,556 9,000 2,000 1,000 1,286 0,111 0,250 2,000 
*** *** *** *** *** ***
6,000 1,750 0,429 0,571 4,500 1,000 0,111 1,600 1,000 8,000 
0,889 1,000 1,750 1,333 0,714 0,167 0,222 0,714 0,250 2,000 
0,714 0,833 0,889 0,125 3,000 1,000 0,667 2,000 0,222 0,167 
0,143 0,167 1,000 0,667 0,750 1,000 1,500 0,833 0,125 7,000 
3,000 1,143 2,667 0,800 0,250 0,333 1,500 2,250 2,000 0,500 
1,200 3,500 1,667 1,500 0,571 1,800 1,200 0,429 1,400 2,250 
1,286 0,833 1,000 2,000 2,000 0,125 0,167 9,000 3,500 1,167 
1,667 7,000 1,200 0,857 0,333 0,778 2,000 0,333 0,143 2,667 
1,667 1,125 1,400 1,000 1,143 0,286 1,000 1,167 2,500 1,143 
0,600 2,333 1,400 0,167 1,600 1,800 2,000 0,625 0,875 1,333 
*** *** *** *** *** ***
