1,600 1,167 4,000 0,333 0,571 0,200 7,000 0,667 1,000 0,889 
1,167 1,333 1,000 8,000 0,500 0,833 7,000 0,500 1,750 0,500 
1,167 1,400 4,000 1,200 0,889 2,250 3,500 7,000 1,143 2,667 
0,429 2,000 1,286 0,222 2,000 4,000 0,833 3,000 0,375 2,667 
0,500 2,333 1,167 1,600 3,500 4,000 2,000 0,750 0,333 0,125 
0,250 0,375 0,167 1,500 1,143 1,000 1,000 0,750 3,000 0,556 
0,444 3,000 2,000 1,750 2,250 1,143 9,000 1,500 3,500 0,500 
9,000 1,000 2,500 0,333 0,889 0,889 0,200 2,250 1,250 1,000 
2,000 0,667 9,000 4,500 2,000 4,000 0,400 0,222 1,800 0,333 
5,000 0,500 3,000 0,111 2,000 3,500 1,125 1,800 3,000 3,000 
*** *** *** *** *** ***
1,000 0,429 3,000 0,778 0,250 2,000 0,600 1,500 0,333 2,000 
0,500 1,500 4,000 2,000 7,000 0,111 0,222 0,857 1,800 0,667 
1,200 0,200 1,000 4,000 0,500 1,167 1,500 3,000 1,167 0,286 
0,556 1,000 1,750 2,500 0,333 0,250 2,667 3,500 1,333 0,556 
1,400 0,857 5,000 2,500 2,667 1,333 0,375 1,200 0,167 0,500 
3,000 6,000 0,714 0,889 0,833 3,000 0,714 0,333 0,429 0,333 
0,750 0,444 0,400 0,222 0,429 1,750 2,333 0,200 0,250 3,500 
0,333 0,167 1,200 0,429 0,625 1,600 1,167 0,500 4,000 1,167 
1,167 2,667 0,125 0,250 3,000 1,167 3,000 0,875 0,800 3,000 
0,778 1,000 0,778 1,500 4,000 0,500 0,444 3,000 1,333 0,375 
*** *** *** *** *** ***
1,400 1,167 1,667 5,000 0,400 1,000 0,286 0,875 0,625 1,143 
2,000 1,125 1,000 0,556 3,500 5,000 0,500 8,000 1,000 0,714 
0,875 5,000 0,250 0,143 0,714 0,111 1,667 0,250 3,000 0,333 
0,500 0,889 0,333 0,125 1,333 1,500 5,000 1,333 1,500 1,333 
1,500 1,143 3,500 1,000 9,000 9,000 1,750 0,125 2,250 0,750 
0,750 2,500 0,125 0,667 0,333 4,000 2,667 0,857 0,667 5,000 
8,000 1,750 1,800 0,600 0,333 1,000 1,125 1,333 0,333 0,889 
1,750 0,250 6,000 0,286 0,667 0,667 1,500 0,333 1,000 0,333 
0,250 2,667 5,000 0,444 2,667 1,000 0,714 0,333 1,000 1,000 
0,600 0,556 3,000 0,778 3,000 0,250 1,250 2,000 0,667 2,667 
*** *** *** *** *** ***
