1,200 1,000 2,000 1,500 1,400 3,000 0,625 9,000 1,000 2,333 
0,889 0,889 0,375 1,000 0,667 1,500 1,750 0,333 0,286 4,000 
1,000 1,000 1,000 1,167 1,333 1,500 1,667 0,778 0,750 0,714 
0,200 1,000 9,000 2,000 0,750 2,000 1,400 1,000 2,667 0,833 
0,200 0,375 0,400 1,000 1,750 1,143 1,200 0,375 1,000 0,500 
1,000 0,600 1,286 0,222 9,000 1,400 0,222 1,000 1,667 1,000 
1,286 1,125 0,200 1,400 0,875 0,500 1,333 0,429 2,000 0,200 
4,000 0,500 5,000 0,833 7,000 2,000 4,500 2,000 2,333 1,400 
0,600 1,000 1,500 1,167 0,500 0,600 3,000 0,875 1,000 1,125 
0,667 0,286 0,778 1,000 4,000 1,200 2,000 0,667 0,333 3,000 
*** *** *** *** *** ***
0,286 0,500 0,800 0,250 0,889 0,667 1,167 1,750 0,250 1,500 
1,000 3,000 1,667 1,600 1,000 1,000 1,333 1,000 2,333 0,600 
7,000 1,000 0,667 4,500 0,400 0,167 2,667 3,000 0,250 0,167 
0,857 2,667 1,286 2,000 1,000 0,889 0,667 1,000 0,875 0,556 
0,857 0,333 0,125 0,833 0,250 1,667 1,600 0,571 6,000 9,000 
1,500 0,857 3,000 2,000 2,000 1,143 1,000 0,625 1,000 0,625 
1,286 2,000 1,000 0,714 1,333 2,000 1,600 2,250 0,625 0,500 
1,333 2,000 4,500 1,250 4,500 2,667 2,333 0,125 0,500 6,000 
1,667 0,250 1,000 0,833 0,556 0,500 0,556 2,000 1,000 0,333 
9,000 0,333 1,333 2,250 0,667 3,000 1,000 1,400 0,714 0,250 
*** *** *** *** *** ***
0,143 4,000 1,000 2,000 4,000 3,000 1,750 2,500 1,333 0,143 
0,500 1,000 0,500 4,000 1,400 0,500 0,667 1,000 0,778 2,250 
1,400 0,111 4,500 4,500 0,222 2,500 0,333 0,667 0,889 0,500 
2,000 3,000 0,125 0,333 0,571 0,400 0,333 1,333 0,222 0,167 
0,500 1,000 2,667 0,400 2,000 0,889 0,833 0,750 1,000 0,889 
1,167 1,600 0,375 0,667 4,000 1,000 0,429 0,375 0,222 1,000 
1,143 2,333 4,000 1,000 1,000 0,333 1,600 1,000 2,000 2,000 
0,444 4,500 2,000 0,833 1,000 0,889 0,250 2,500 0,667 0,429 
4,500 1,000 1,000 0,500 1,750 3,000 0,750 1,500 1,000 1,500 
8,000 4,000 2,250 1,000 0,571 0,875 0,375 0,143 0,143 0,556 
*** *** *** *** *** ***
