0,333 8,000 2,500 1,000 1,667 0,875 1,200 0,444 0,500 1,000 
0,750 1,500 1,167 0,125 0,889 1,000 1,000 1,000 5,000 9,000 
0,286 0,714 4,500 2,000 1,750 2,000 4,000 0,143 3,500 4,000 
5,000 0,250 0,625 2,333 0,600 4,500 0,750 1,333 0,625 1,333 
1,000 4,500 4,000 0,667 4,000 1,000 0,500 1,125 1,000 0,857 
1,400 0,875 4,000 0,667 3,000 1,667 0,500 3,000 0,500 1,200 
1,000 1,000 0,750 1,400 0,857 7,000 3,500 0,429 1,667 1,667 
1,286 1,500 0,750 1,500 0,800 0,667 0,286 3,000 3,000 0,429 
0,833 9,000 0,778 1,000 1,333 0,889 0,167 0,833 1,125 0,143 
0,250 1,000 6,000 1,500 2,000 1,600 0,500 0,857 1,000 0,333 
*** *** *** *** *** ***
0,429 0,667 0,400 0,800 7,000 1,333 4,500 0,667 0,667 1,167 
9,000 0,778 2,250 0,429 0,333 0,875 1,143 2,250 0,167 2,000 
1,000 2,000 0,800 1,000 0,400 0,500 0,333 7,000 0,714 1,000 
0,667 2,000 0,625 0,556 1,500 2,000 1,000 0,889 1,000 1,600 
0,857 1,800 0,889 0,667 0,400 0,200 3,000 1,000 0,875 0,889 
0,286 0,750 0,833 0,750 1,000 1,000 1,500 5,000 0,250 0,143 
1,600 2,000 3,000 1,600 0,200 0,333 0,125 2,000 0,556 5,000 
2,000 2,000 1,400 0,500 0,625 0,143 0,667 0,444 0,750 0,600 
4,000 1,000 0,111 0,500 0,667 2,250 1,600 0,500 9,000 0,167 
1,000 0,500 0,667 2,000 3,000 7,000 2,250 1,800 1,000 1,600 
*** *** *** *** *** ***
0,333 6,000 0,714 5,000 2,667 0,750 1,400 1,143 1,500 0,571 
0,400 2,000 1,500 7,000 7,000 1,000 1,000 0,222 3,000 1,250 
1,000 0,333 0,444 2,000 4,500 4,500 0,250 2,000 1,000 2,000 
0,250 1,333 0,778 0,143 0,778 7,000 1,500 1,333 1,200 1,000 
1,600 1,000 0,400 8,000 1,000 0,714 1,200 0,750 9,000 1,000 
0,444 1,000 0,143 1,200 1,500 1,667 1,500 0,667 0,111 0,750 
2,250 1,200 0,200 0,833 3,500 2,667 2,667 0,625 1,333 1,250 
0,833 0,333 1,600 1,000 1,000 0,500 0,857 0,600 1,000 4,000 
1,000 1,000 1,667 4,000 0,200 0,556 1,800 1,600 3,000 0,500 
0,400 0,600 0,143 0,571 1,500 2,667 0,571 0,250 0,750 3,000 
*** *** *** *** *** ***
