1,000 2,000 0,750 0,333 4,500 3,000 1,667 1,000 0,111 1,500 
0,286 1,667 1,800 0,286 0,500 3,000 0,333 5,000 0,400 0,833 
0,400 0,222 0,333 1,000 2,667 0,375 1,000 0,333 1,333 0,429 
0,667 2,000 1,200 0,200 1,000 1,250 0,222 0,222 0,667 7,000 
4,000 1,250 0,333 0,250 0,125 0,571 0,667 1,500 0,857 0,750 
2,333 0,250 2,000 0,444 0,625 3,000 0,571 0,200 0,333 0,750 
0,167 0,400 1,600 4,000 0,714 1,167 0,875 0,875 6,000 0,778 
1,500 8,000 1,000 1,286 0,714 1,250 0,222 1,000 0,500 1,333 
0,625 1,000 1,000 4,500 1,750 5,000 0,875 9,000 0,833 2,333 
0,625 4,000 1,000 0,714 0,667 1,000 0,750 2,000 2,000 1,000 
*** *** *** *** *** ***
0,778 0,500 2,000 1,000 0,333 1,143 2,333 4,000 2,000 0,833 
1,000 1,000 0,778 0,375 4,500 2,333 1,500 1,500 1,000 1,800 
2,500 2,333 0,500 8,000 2,000 0,500 2,500 0,500 5,000 0,333 
2,667 0,500 1,000 9,000 1,000 0,600 1,200 0,400 0,400 0,556 
1,125 0,250 0,500 7,000 0,333 1,286 1,400 0,857 0,375 0,444 
0,857 0,200 0,400 1,500 1,500 0,875 0,750 1,500 1,000 0,750 
0,375 0,857 1,667 3,500 0,143 0,889 4,500 1,000 0,750 3,000 
0,667 1,000 1,500 4,000 1,667 1,500 0,833 2,000 1,250 7,000 
4,000 0,429 0,375 0,750 1,600 3,000 0,714 3,000 0,333 1,500 
1,400 0,833 1,600 1,286 6,000 8,000 0,222 9,000 0,375 1,500 
*** *** *** *** *** ***
1,400 0,444 1,143 3,000 2,250 2,000 0,667 2,250 1,500 1,800 
0,444 1,667 3,500 2,000 2,000 1,333 1,750 3,000 3,000 0,556 
0,714 1,000 1,000 1,000 7,000 0,375 1,000 4,000 2,667 9,000 
2,250 2,000 1,000 3,500 0,333 0,143 0,125 0,667 0,333 0,250 
0,857 2,333 1,000 0,500 1,200 0,750 5,000 1,125 0,667 6,000 
0,333 2,667 0,333 0,750 0,500 0,286 9,000 1,500 0,500 1,200 
0,857 0,200 0,778 0,556 1,333 0,500 1,500 9,000 1,333 2,000 
1,286 0,500 0,500 0,143 2,000 0,250 7,000 0,600 1,750 0,667 
1,000 0,667 0,375 1,000 1,000 0,333 2,250 1,800 1,000 1,600 
2,333 0,500 0,500 0,250 1,167 1,000 3,500 3,000 3,000 3,000 
*** *** *** *** *** ***
