0,667 0,333 1,000 1,000 2,000 0,143 1,000 1,600 0,111 0,250 
1,000 0,500 0,250 5,000 1,750 1,500 0,857 1,000 1,500 1,000 
0,250 1,000 8,000 2,500 1,200 2,500 0,167 1,750 2,500 1,000 
1,000 9,000 0,778 2,333 2,667 0,333 1,125 0,400 3,500 9,000 
0,833 2,000 1,000 0,889 0,333 1,286 1,200 1,000 0,286 0,222 
3,000 0,500 0,500 1,000 2,000 0,125 1,000 0,143 0,750 0,625 
0,875 1,800 2,000 2,250 2,500 2,667 7,000 1,800 1,750 0,800 
1,125 3,000 4,000 0,333 9,000 2,000 0,556 0,500 0,125 2,333 
0,333 3,000 1,333 0,714 6,000 2,000 7,000 1,000 0,125 1,400 
0,167 2,000 3,000 1,000 0,250 0,333 1,167 0,222 0,556 1,286 
*** *** *** *** *** ***
6,000 0,750 3,000 7,000 3,500 2,000 0,714 1,286 0,750 1,000 
7,000 0,600 0,167 1,667 1,000 1,800 1,600 1,500 3,500 0,111 
1,200 2,250 0,250 1,000 0,375 4,500 0,286 1,800 1,400 0,800 
1,000 1,000 1,500 1,000 3,000 2,500 0,778 1,000 0,429 0,429 
0,889 1,000 0,571 1,000 0,600 1,000 1,000 0,333 3,000 1,167 
0,800 1,000 4,500 1,500 0,333 0,778 1,000 0,571 2,250 0,333 
0,778 3,000 0,778 0,125 3,000 0,667 1,600 1,000 1,000 0,200 
0,143 0,500 4,000 0,250 1,000 4,500 0,200 0,444 0,889 3,000 
1,333 0,400 0,167 2,667 1,750 0,667 1,000 2,667 1,500 1,000 
6,000 2,000 0,625 9,000 2,000 2,000 4,000 0,125 0,600 1,143 
*** *** *** *** *** ***
2,000 4,000 1,600 0,500 1,800 0,833 0,250 0,875 1,000 0,667 
0,500 5,000 0,571 0,600 0,200 2,250 2,500 1,500 0,800 0,875 
0,778 1,500 0,750 1,000 6,000 0,625 3,500 4,000 3,000 1,500 
0,111 0,167 0,250 8,000 0,556 1,143 3,000 0,667 0,500 0,889 
0,750 0,500 4,000 1,125 0,571 9,000 1,200 2,000 0,889 1,333 
8,000 3,000 0,833 0,889 8,000 0,571 0,667 2,000 0,143 4,000 
5,000 2,000 8,000 1,143 3,000 0,556 1,333 0,143 0,500 1,500 
4,500 0,125 0,444 3,000 6,000 0,444 1,250 0,167 0,875 0,143 
1,500 1,400 0,125 0,200 0,333 0,778 0,667 1,167 7,000 2,500 
2,333 2,667 1,000 0,400 0,250 0,625 0,778 0,571 0,143 3,000 
*** *** *** *** *** ***
