1,000 0,500 1,400 0,600 1,000 0,250 0,143 0,200 0,800 1,333 
0,500 1,750 2,000 1,333 1,333 0,167 3,500 2,000 1,667 1,333 
7,000 1,200 1,600 3,000 0,444 1,000 0,667 1,000 0,167 3,000 
1,000 1,000 0,750 9,000 0,750 0,667 0,500 3,000 1,500 2,333 
7,000 0,286 0,500 0,429 0,286 4,000 2,000 2,250 1,667 2,333 
4,000 4,000 1,400 0,875 5,000 1,750 2,667 2,500 0,667 1,333 
1,286 0,333 5,000 1,167 8,000 1,125 0,375 5,000 3,000 0,714 
0,143 0,500 0,571 7,000 0,667 0,571 1,750 2,250 1,143 1,000 
0,500 4,000 0,286 0,778 0,714 0,667 0,750 1,750 1,250 0,800 
1,250 2,500 0,571 0,125 8,000 0,625 0,600 8,000 1,200 0,333 
*** *** *** *** *** ***
2,000 0,222 1,167 4,500 0,286 1,000 0,200 1,750 0,500 1,500 
0,667 0,857 1,167 1,000 0,333 6,000 0,375 8,000 1,600 1,250 
1,800 0,500 6,000 0,714 1,333 1,286 0,857 0,667 4,500 0,143 
2,500 5,000 0,875 0,125 0,833 0,833 0,667 0,375 1,000 2,333 
5,000 0,125 2,000 0,833 0,400 1,250 0,333 1,000 3,500 0,750 
0,222 0,857 1,000 5,000 0,667 0,444 1,167 1,000 1,000 0,500 
0,667 0,500 1,400 0,500 0,286 0,500 1,125 6,000 1,500 0,833 
2,000 1,500 1,000 2,000 0,333 0,125 0,286 0,833 5,000 0,143 
0,556 3,000 0,333 1,286 0,714 0,667 1,250 0,222 0,667 1,400 
0,714 1,125 0,778 0,200 0,444 0,714 0,222 6,000 0,250 2,500 
*** *** *** *** *** ***
4,500 0,167 7,000 3,000 0,333 0,333 1,000 0,333 0,444 1,286 
0,333 0,667 0,125 1,167 0,556 0,600 0,111 0,500 0,500 0,333 
3,000 0,143 6,000 0,833 2,667 1,000 0,143 0,833 0,500 0,400 
1,286 0,400 5,000 1,000 0,500 1,000 1,143 1,000 0,333 0,857 
2,500 4,500 0,857 1,000 2,000 0,400 0,500 0,857 0,333 0,286 
0,111 0,333 2,667 1,000 0,833 1,000 8,000 1,250 0,750 1,333 
2,333 0,625 0,667 1,800 0,500 3,000 1,125 1,125 2,333 0,500 
1,500 0,200 2,500 4,000 1,667 1,000 5,000 0,143 0,571 0,222 
3,000 2,333 0,625 0,250 0,500 0,667 1,500 1,000 1,000 2,333 
3,000 0,800 1,800 1,286 1,125 1,600 1,000 0,750 0,500 0,125 
*** *** *** *** *** ***
