<<<<<<< HEAD
228.6331024169921875
230.8951873779296875
225.1500549316406250
237.7713775634765625
282.6984252929687500
220.1820983886718750
249.0729370117187500
175.5666198730468750
298.8868103027343750
263.7774047851562500
191.8017120361328125
184.8257598876953125
238.3147583007812500
247.7301788330078125
282.4317626953125000
251.5083770751953125
268.2473144531250000
261.3030700683593750
261.4933166503906250
226.7320404052734375
209.1530303955078125
260.6886901855468750
211.9356231689453125
305.5870971679687500
209.5694580078125000
210.1785125732421875
177.5429687500000000
258.1450195312500000
220.3278503417968750
235.8759918212890625
*** *** *** *** *** *** ***
175.5952148437500000
208.2148590087890625
183.7433013916015625
168.1616821289062500
129.3705749511718750
231.2802886962890625
152.2948760986328125
281.4076843261718750
183.2604370117187500
221.9178009033203125
158.1185302734375000
182.2300872802734375
183.7084350585937500
176.8415832519531250
204.1582336425781250
176.6617279052734375
203.0424041748046875
157.0809936523437500
179.1583251953125000
212.5997009277343750
222.0422363281250000
217.8713378906250000
255.3761291503906250
241.5162658691406250
197.1466827392578125
193.4694213867187500
175.5089263916015625
167.2124328613281250
202.6323699951171875
205.5692291259765625
*** *** *** *** *** *** ***
137.6143188476562500
164.5962219238281250
209.2960662841796875
188.9131927490234375
183.4440307617187500
155.9761352539062500
139.0336151123046875
191.0418395996093750
151.8322753906250000
207.4000396728515625
176.8087463378906250
127.6219329833984375
124.9163055419921875
124.3615112304687500
172.7342224121093750
167.2294158935546875
160.1118011474609375
135.1387634277343750
161.6472320556640625
153.6997222900390625
138.7036285400390625
144.0549926757812500
146.1841735839843750
152.3900604248046875
167.6050109863281250
207.0692596435546875
170.7305145263671875
148.5512084960937500
147.7426300048828125
154.0365753173828125
=======
329.4933471679687500
230.4127044677734375
288.1759643554687500
214.0554046630859375
301.0362548828125000
354.9570312500000000
381.2574157714843750
307.8526000976562500
170.1920928955078125
225.3625030517578125
249.8901062011718750
228.9142150878906250
219.4541168212890625
354.6148071289062500
294.7071838378906250
266.3464965820312500
289.4616088867187500
266.7861328125000000
216.1797637939453125
256.2214355468750000
*** *** *** *** *** *** ***
91.8481216430664062
121.1295166015625000
119.8440551757812500
90.5156784057617188
122.2169342041015625
77.1899719238281250
73.9830932617187500
95.4887390136718750
112.2777175903320312
81.2593078613281250
82.4930801391601562
110.5900268554687500
82.4525146484375000
113.2648086547851562
96.1487197875976562
128.2142028808593750
87.9822998046875000
104.2243270874023438
129.8789062500000000
106.7002410888671875
*** *** *** *** *** *** ***
63.6125488281250000
71.7996063232421875
70.9066162109375000
76.3821258544921875
95.2881927490234375
84.8344879150390625
62.6930618286132812
83.2654418945312500
68.6693572998046875
82.5844116210937500
111.7764358520507812
70.7624969482421875
77.2090682983398438
100.2700042724609375
99.9556961059570312
80.6430053710937500
73.3279495239257812
101.4121551513671875
94.9865493774414062
88.2084655761718750
>>>>>>> 24546d1ca296a8ed7089f6ee3df53b720e8e2372
*** *** *** *** *** *** ***
