131.3717261904761529
110.8621362433862458
174.4900573192239506
106.5478363567649183
112.5311035525321159
152.9122189153439706
135.0432043650793332
154.8723820546737215
121.1911186696900842
112.9231174414210415
130.6695515243134196
95.9462396069539096
140.6288123582766616
98.0073223733938050
104.1052768329553970
137.1561838624338350
112.4813350340136111
109.6822278911564297
136.6612000818846298
142.9511408730159587
*** *** *** *** *** *** ***
199.4652272297808508
207.3140797430083069
163.0468206727135225
164.1635109599395719
354.4977292768959387
203.2396126228269395
238.0327538422776854
191.1481472033257489
268.3167548500882162
256.1593041383219997
306.1947719828672234
215.8162698412698148
168.9957341269841606
283.7144542076089238
250.3724206349205588
228.4878483245149425
188.0509766313932118
213.0232867220962305
301.6462863756613615
198.0030114638447287
*** *** *** *** *** *** ***
291.8584656084655649
176.3486507936507905
251.8153835978835104
238.5564285714285404
163.5042989417989361
191.0108201058200734
159.4828968253967787
223.4910185185184446
201.2527777777777374
148.2578174603173977
157.3680555555554861
156.3920634920634427
168.2175264550263876
199.8034920634920013
288.3034656084655580
237.0073015873016118
149.2386243386242484
216.1424074074074611
188.8634920634920036
159.1866402116402242
*** *** *** *** *** *** ***
