2462.6618652343750000 2031.2321777343750000 1506.9100341796875000 2477.8730468750000000 2240.3879394531250000 1984.6623535156250000 1839.1971435546875000 2813.6040039062500000 2859.8054199218750000 2276.8918457031250000 3819.1779785156250000 3428.4331054687500000 2276.1113281250000000 1576.6455078125000000 1878.7797851562500000 2873.4672851562500000 1932.4547119140625000 1833.9790039062500000 2789.4238281250000000 2426.6564941406250000 
1268.8532714843750000 1093.6123046875000000 970.7025146484375000 1559.6044921875000000 1405.6810302734375000 1262.1337890625000000 1212.1047363281250000 1739.8836669921875000 1675.9117431640625000 1376.7921142578125000 2068.0622558593750000 2032.5487060546875000 1343.6774902343750000 903.6115722656250000 1092.2939453125000000 1778.5786132812500000 1159.9221191406250000 1125.4362792968750000 1572.4611816406250000 1243.0958251953125000 
1277.5883789062500000 946.1800537109375000 802.8696289062500000 1297.8447265625000000 1196.6972656250000000 1065.9440917968750000 1018.8382568359375000 1412.9937744140625000 1355.2655029296875000 1146.6409912109375000 1753.7841796875000000 1539.8756103515625000 1233.3276367187500000 801.9122924804687500 907.7243041992187500 1547.1099853515625000 951.8680419921875000 869.6891479492187500 1377.7929687500000000 1324.4200439453125000 
912.5492553710937500 786.7434082031250000 715.5183715820312500 1169.6960449218750000 1026.5275878906250000 906.9876098632812500 833.1353759765625000 1249.6531982421875000 1256.6529541015625000 1026.0209960937500000 1465.7435302734375000 1280.7940673828125000 1004.6317749023437500 672.9038085937500000 774.4422607421875000 1246.4774169921875000 859.2262573242187500 752.8619384765625000 1197.9903564453125000 951.4850463867187500 
1253.6110839843750000 1083.1104736328125000 1003.4719238281250000 1550.4814453125000000 1417.5659179687500000 1356.2644042968750000 1177.9503173828125000 1682.0446777343750000 1728.3668212890625000 1338.9881591796875000 2034.4438476562500000 1836.7651367187500000 1378.9628906250000000 915.0518798828125000 1100.7568359375000000 1715.9322509765625000 1140.6660156250000000 1062.3055419921875000 1546.9803466796875000 1290.3872070312500000 
1416.6003417968750000 1212.1839599609375000 1120.1431884765625000 1477.2877197265625000 1653.5391845703125000 1328.6389160156250000 1132.8481445312500000 1747.9949951171875000 2067.7421875000000000 1505.9688720703125000 2226.6892089843750000 2196.7395019531250000 1667.5911865234375000 976.5718994140625000 1206.4926757812500000 1945.1882324218750000 1233.1999511718750000 1304.8217773437500000 1791.4353027343750000 1541.2858886718750000 
3030.8405761718750000 2319.3291015625000000 1983.9793701171875000 3275.7077636718750000 2801.2526855468750000 2510.4812011718750000 2631.1284179687500000 3470.8315429687500000 3272.8894042968750000 2865.7646484375000000 4279.6611328125000000 3693.5705566406250000 2901.7753906250000000 1967.4509277343750000 2228.7077636718750000 3708.9084472656250000 2357.3188476562500000 2056.6445312500000000 3364.2194824218750000 3014.0866699218750000 
1937.7907714843750000 1361.3374023437500000 1219.3770751953125000 1803.2193603515625000 1578.7465820312500000 1579.1862792968750000 1305.1424560546875000 2232.6186523437500000 2086.9707031250000000 1794.6378173828125000 2939.5573730468750000 2132.6069335937500000 1849.5223388671875000 1115.2998046875000000 1357.4223632812500000 1959.3450927734375000 1528.5454101562500000 1317.2630615234375000 1855.0067138671875000 2014.9229736328125000 
1093.3909912109375000 918.8873291015625000 831.4318847656250000 1068.5214843750000000 1092.9324951171875000 898.4714355468750000 857.6526489257812500 1346.5345458984375000 1473.1625976562500000 1325.1970214843750000 1697.0061035156250000 1483.8093261718750000 1175.8933105468750000 794.0369873046875000 865.0233154296875000 1490.9312744140625000 1042.4133300781250000 853.1698608398437500 1201.2731933593750000 1083.3953857421875000 
2591.3332519531250000 2104.7971191406250000 1791.4406738281250000 2730.0983886718750000 2462.6645507812500000 2165.5004882812500000 2091.3613281250000000 3226.9689941406250000 3024.2673339843750000 2632.3059082031250000 3912.0454101562500000 3220.4494628906250000 2626.5874023437500000 1692.4274902343750000 2035.2958984375000000 3114.3374023437500000 2125.1875000000000000 1799.7316894531250000 2769.7919921875000000 2644.1870117187500000 
2082.2626953125000000 1459.5109863281250000 1259.6500244140625000 1830.9965820312500000 1903.8326416015625000 1452.2135009765625000 1439.1162109375000000 2202.0627441406250000 2103.2270507812500000 1637.3811035156250000 2847.8188476562500000 2609.7668457031250000 1795.3034667968750000 1199.4448242187500000 1370.4169921875000000 2578.9736328125000000 1414.9615478515625000 1391.0593261718750000 1943.1527099609375000 2121.5690917968750000 
1371.8826904296875000 1057.3564453125000000 884.6589355468750000 1377.4771728515625000 1219.3775634765625000 1076.9157714843750000 1092.3016357421875000 1617.3753662109375000 1477.8530273437500000 1196.8345947265625000 2062.0925292968750000 1612.2652587890625000 1260.2740478515625000 837.1795043945312500 987.1767578125000000 1579.8894042968750000 1013.6628417968750000 900.3621826171875000 1433.8790283203125000 1386.7808837890625000 
1113.1401367187500000 946.6107177734375000 848.3869628906250000 1329.8154296875000000 1279.0592041015625000 1166.0423583984375000 984.4737548828125000 1429.7733154296875000 1513.7297363281250000 1203.0227050781250000 1798.6062011718750000 1703.3127441406250000 1195.3878173828125000 815.8337402343750000 970.5949707031250000 1593.8061523437500000 1001.8034667968750000 922.2687988281250000 1358.0003662109375000 1132.9681396484375000 
2030.6027832031250000 1541.4208984375000000 1340.0634765625000000 2039.8594970703125000 1975.5483398437500000 1625.7731933593750000 1523.9700927734375000 2331.1069335937500000 2303.9086914062500000 2297.4052734375000000 2820.0854492187500000 3010.1518554687500000 1791.5341796875000000 1401.4201660156250000 1455.3654785156250000 2841.9973144531250000 1807.6165771484375000 1483.5971679687500000 2137.0432128906250000 1855.4653320312500000 
1622.9166259765625000 1083.6715087890625000 985.1240234375000000 1560.0430908203125000 1282.9129638671875000 1206.1834716796875000 1124.5692138671875000 1834.8399658203125000 1575.7357177734375000 1299.0583496093750000 2377.4606933593750000 1987.0842285156250000 1185.8350830078125000 901.9367675781250000 1037.0732421875000000 1693.0253906250000000 1189.7041015625000000 1060.2786865234375000 1525.0544433593750000 1515.5979003906250000 
2494.5385742187500000 2183.3977050781250000 1881.6134033203125000 2600.1943359375000000 2626.6047363281250000 2615.8491210937500000 1960.1861572265625000 3199.6857910156250000 3360.1809082031250000 2663.0058593750000000 4017.7578125000000000 3708.5600585937500000 2705.3083496093750000 1805.9482421875000000 2126.4916992187500000 3333.2692871093750000 2254.9433593750000000 2121.5886230468750000 2936.5788574218750000 2571.0751953125000000 
1742.4039306640625000 1289.3726806640625000 1097.9185791015625000 1665.7569580078125000 1646.6718750000000000 1393.6523437500000000 1287.4625244140625000 1975.0311279296875000 1720.4548339843750000 1437.2403564453125000 2316.3789062500000000 2263.0664062500000000 1557.1309814453125000 1073.3338623046875000 1212.2780761718750000 2272.4309082031250000 1226.7088623046875000 1190.6009521484375000 1777.6063232421875000 1765.5798339843750000 
1843.2089843750000000 1761.8295898437500000 1520.3271484375000000 2377.6259765625000000 2066.9602050781250000 1821.6269531250000000 1542.7261962890625000 2784.9602050781250000 2736.9729003906250000 2031.7136230468750000 3177.4311523437500000 2692.9355468750000000 2075.6433105468750000 1391.6872558593750000 1653.2067871093750000 2255.5729980468750000 1782.1688232421875000 1665.0310058593750000 2669.0891113281250000 1959.8189697265625000 
2198.9221191406250000 1749.6870117187500000 1496.0389404296875000 2080.0754394531250000 1997.8912353515625000 1747.3647460937500000 1654.8801269531250000 2588.1850585937500000 2657.5017089843750000 2059.7045898437500000 3446.4765625000000000 2709.4641113281250000 2181.7717285156250000 1372.4886474609375000 1658.3421630859375000 2517.5461425781250000 1746.1291503906250000 1588.3204345703125000 2262.8691406250000000 2269.0639648437500000 
1802.3142089843750000 1264.1870117187500000 1245.9022216796875000 1534.1171875000000000 1422.0423583984375000 1328.4006347656250000 1284.0001220703125000 2091.9475097656250000 1723.6539306640625000 1575.3927001953125000 2480.2241210937500000 1925.8524169921875000 1689.6313476562500000 1017.0775756835937500 1298.6153564453125000 1942.7215576171875000 1281.7106933593750000 1093.7154541015625000 1524.1280517578125000 1784.6613769531250000 
*** *** *** *** *** ***
2539.6853027343750000 2656.7004394531250000 2713.5249023437500000 2423.6452636718750000 2435.6096191406250000 2308.0185546875000000 2591.5070800781250000 2471.1791992187500000 3185.9008789062500000 2738.5058593750000000 2476.5327148437500000 3440.5375976562500000 2326.7714843750000000 3079.2058105468750000 2641.4960937500000000 3240.5373535156250000 2974.8488769531250000 1677.5705566406250000 2508.5585937500000000 1726.8388671875000000 
1626.3726806640625000 1884.4429931640625000 1656.4003906250000000 1632.0842285156250000 1485.5855712890625000 1420.9709472656250000 1413.1960449218750000 1547.5941162109375000 1858.1979980468750000 1789.9123535156250000 1473.2772216796875000 2272.8974609375000000 1397.4857177734375000 2102.2729492187500000 1740.7088623046875000 2017.1046142578125000 2018.0386962890625000 1113.3963623046875000 1618.5799560546875000 1169.2187500000000000 
1649.3551025390625000 1818.2696533203125000 1872.9327392578125000 1606.9702148437500000 1596.6295166015625000 1465.4653320312500000 1611.9750976562500000 1639.7254638671875000 1991.4638671875000000 1831.5213623046875000 1639.8964843750000000 2190.4438476562500000 1481.9311523437500000 1971.1589355468750000 1688.1929931640625000 2142.5847167968750000 2021.5554199218750000 1115.0178222656250000 1552.6652832031250000 1181.5412597656250000 
1518.7705078125000000 1507.0391845703125000 1201.5324707031250000 1433.0938720703125000 1376.2828369140625000 1532.4918212890625000 1396.7855224609375000 1436.4906005859375000 1731.5543212890625000 1834.6002197265625000 1397.4645996093750000 2122.7368164062500000 1192.4492187500000000 1826.2829589843750000 1680.1773681640625000 1880.7811279296875000 1844.5932617187500000 1065.3790283203125000 1538.7883300781250000 1085.6311035156250000 
2250.7338867187500000 2455.6025390625000000 2199.7949218750000000 2012.8536376953125000 2044.3238525390625000 1944.4229736328125000 1822.7297363281250000 2065.1381835937500000 2487.0822753906250000 2369.4919433593750000 2190.6323242187500000 2932.1240234375000000 1953.6395263671875000 2728.7963867187500000 2346.8261718750000000 2644.4372558593750000 2717.1596679687500000 1406.7375488281250000 2094.5102539062500000 1434.2548828125000000 
1549.3157958984375000 1671.3004150390625000 1532.4755859375000000 1444.8054199218750000 1219.6372070312500000 1205.5816650390625000 1273.7259521484375000 1394.6699218750000000 1579.6247558593750000 1563.5120849609375000 1359.3856201171875000 2055.8803710937500000 1231.2644042968750000 1883.3723144531250000 1485.2758789062500000 1765.7565917968750000 1803.5461425781250000 1015.9174194335937500 1374.6086425781250000 1027.2154541015625000 
1318.1679687500000000 1618.6090087890625000 1265.6306152343750000 1394.7755126953125000 1290.4658203125000000 1286.1256103515625000 1410.4476318359375000 1367.4473876953125000 1789.7987060546875000 1524.2855224609375000 1297.0062255859375000 1783.1079101562500000 1300.7012939453125000 1744.3281250000000000 1473.4946289062500000 1834.7354736328125000 1808.7766113281250000 958.8279418945312500 1377.1533203125000000 980.7615356445312500 
1285.5891113281250000 1482.4716796875000000 1331.8825683593750000 1305.6773681640625000 1170.1630859375000000 1109.8704833984375000 1168.5759277343750000 1332.6636962890625000 1504.8330078125000000 1402.7452392578125000 1288.4362792968750000 1635.0155029296875000 1178.1065673828125000 1576.6573486328125000 1300.8791503906250000 1706.2926025390625000 1644.8333740234375000 901.8193969726562500 1200.8455810546875000 934.5888671875000000 
2038.8592529296875000 1809.6776123046875000 1626.7670898437500000 1866.2678222656250000 1644.8707275390625000 1628.5297851562500000 1720.9458007812500000 1862.1033935546875000 2164.4125976562500000 1922.0219726562500000 1758.3388671875000000 2832.8359375000000000 1604.4588623046875000 2168.6875000000000000 1861.2481689453125000 2337.4326171875000000 2087.3779296875000000 1483.4937744140625000 1707.6051025390625000 1201.5788574218750000 
925.8178710937500000 1074.4707031250000000 911.9179077148437500 1011.5234985351562500 882.7542724609375000 922.1492919921875000 896.0921630859375000 1058.6115722656250000 1217.5480957031250000 1041.4168701171875000 972.5382690429687500 1200.9926757812500000 1004.1923217773437500 1287.9604492187500000 1076.2257080078125000 1178.5560302734375000 1172.3907470703125000 624.3309936523437500 1075.5753173828125000 637.7330322265625000 
1821.0675048828125000 2264.3085937500000000 1550.7811279296875000 1806.7945556640625000 1607.5061035156250000 1706.2186279296875000 1635.1270751953125000 1737.9248046875000000 2144.0742187500000000 2042.3258056640625000 1771.6663818359375000 2335.3947753906250000 1614.0545654296875000 2289.1394042968750000 2047.7410888671875000 2282.4055175781250000 2553.9257812500000000 1282.9822998046875000 1852.3472900390625000 1321.5032958984375000 
3261.2751464843750000 3134.9160156250000000 2929.3364257812500000 2557.5864257812500000 2363.0422363281250000 2358.0083007812500000 2639.9587402343750000 2493.0534667968750000 3187.9104003906250000 2954.6782226562500000 3107.2844238281250000 3828.6247558593750000 2414.5820312500000000 3662.1330566406250000 2809.1013183593750000 3529.2783203125000000 3527.8247070312500000 1816.2923583984375000 2610.9077148437500000 1886.4329833984375000 
2005.1784667968750000 2027.3441162109375000 1786.9750976562500000 1943.6740722656250000 2140.3444824218750000 2087.6503906250000000 1944.0274658203125000 1964.3066406250000000 2565.9550781250000000 2263.6811523437500000 1887.4819335937500000 2902.6320800781250000 1729.5935058593750000 2577.1652832031250000 2371.9191894531250000 2617.5119628906250000 2309.5698242187500000 1392.9798583984375000 2218.0744628906250000 1500.9432373046875000 
1698.4027099609375000 1786.1860351562500000 1697.4509277343750000 1787.2812500000000000 1621.9458007812500000 1528.0776367187500000 1593.3077392578125000 1874.9298095703125000 2128.8603515625000000 2042.2633056640625000 1599.8389892578125000 2383.7648925781250000 1655.2064208984375000 2335.9785156250000000 1748.4329833984375000 2286.7421875000000000 1924.8889160156250000 1176.2148437500000000 1722.1567382812500000 1218.1296386718750000 
2780.5512695312500000 2749.2448730468750000 2293.8332519531250000 2500.7368164062500000 2337.5988769531250000 2313.0988769531250000 2299.4025878906250000 2355.5034179687500000 3016.2856445312500000 2666.4094238281250000 2610.8630371093750000 3808.1035156250000000 2207.4375000000000000 3290.3435058593750000 2610.4121093750000000 3588.7626953125000000 3138.5078125000000000 1850.3552246093750000 2542.0461425781250000 1819.4836425781250000 
2449.4895019531250000 2357.2351074218750000 2124.9042968750000000 2316.0187988281250000 2083.2319335937500000 2032.2828369140625000 2049.3395996093750000 2151.8164062500000000 2721.9064941406250000 2412.6774902343750000 2200.9956054687500000 3490.4958496093750000 1969.6934814453125000 2931.6655273437500000 2311.3569335937500000 3218.6276855468750000 2611.7602539062500000 1660.3901367187500000 2393.3076171875000000 1684.3063964843750000 
1382.7255859375000000 1621.0524902343750000 1293.7945556640625000 1496.5095214843750000 1244.7725830078125000 1203.8670654296875000 1189.6745605468750000 1471.9050292968750000 1634.6979980468750000 1545.5180664062500000 1309.0430908203125000 1941.0275878906250000 1320.8754882812500000 1812.8784179687500000 1436.9432373046875000 1869.1864013671875000 1754.0261230468750000 1039.4649658203125000 1397.8461914062500000 1015.5191040039062500 
1862.9553222656250000 1986.1811523437500000 1505.3962402343750000 1551.9027099609375000 1232.4011230468750000 1299.7426757812500000 1256.5769042968750000 1444.1456298828125000 1699.5656738281250000 1578.8912353515625000 1777.1376953125000000 2241.9067382812500000 1489.0156250000000000 2144.4750976562500000 1632.4139404296875000 1992.2506103515625000 2215.6547851562500000 1087.9394531250000000 1530.4177246093750000 1031.2298583984375000 
2185.5646972656250000 2478.0412597656250000 1929.7674560546875000 2312.3984375000000000 1833.6215820312500000 1773.5526123046875000 1734.2926025390625000 2337.4621582031250000 2531.1237792968750000 2078.7373046875000000 2320.4645996093750000 2654.4145507812500000 2292.3183593750000000 2811.1862792968750000 2199.2514648437500000 2606.9873046875000000 2668.7944335937500000 1472.8767089843750000 2147.8107910156250000 1313.7250976562500000 
2278.5478515625000000 2254.6848144531250000 2011.7147216796875000 2194.9113769531250000 2204.4123535156250000 2479.7792968750000000 2348.7495117187500000 2344.1347656250000000 2930.1555175781250000 2868.0993652343750000 2196.0366210937500000 3120.5910644531250000 1951.3215332031250000 2841.1459960937500000 2716.3771972656250000 2949.3479003906250000 2632.6708984375000000 1575.4349365234375000 2728.7941894531250000 1691.3273925781250000 
*** *** *** *** *** ***
775.1342773437500000 1327.0545654296875000 1041.3884277343750000 660.8856811523437500 1085.0515136718750000 936.5103149414062500 1037.3685302734375000 960.2376098632812500 491.9704589843750000 730.9693603515625000 860.1112670898437500 877.5364990234375000 1005.7554931640625000 1151.8992919921875000 1057.1173095703125000 1066.7493896484375000 1056.4742431640625000 755.1449584960937500 840.8719482421875000 1080.3369140625000000 
1160.7890625000000000 2462.9350585937500000 1778.8793945312500000 1038.9144287109375000 1487.0115966796875000 1603.1329345703125000 1660.4512939453125000 1481.6562500000000000 787.7261962890625000 957.8715209960937500 1315.2651367187500000 1124.5002441406250000 1359.6978759765625000 1533.7974853515625000 1964.6680908203125000 1470.3815917968750000 1849.1870117187500000 1106.3764648437500000 1283.7930908203125000 1898.5456542968750000 
1363.4654541015625000 2554.7136230468750000 1968.8023681640625000 1207.6840820312500000 2022.1634521484375000 1695.8201904296875000 1830.5338134765625000 1783.4014892578125000 838.3648681640625000 1189.6979980468750000 1534.2366943359375000 1388.2684326171875000 2004.6473388671875000 1830.0797119140625000 2041.8273925781250000 2074.4899902343750000 1940.6081542968750000 1340.0656738281250000 1497.7777099609375000 1960.0603027343750000 
769.8607177734375000 1413.7965087890625000 1078.0162353515625000 661.7211303710937500 1073.0057373046875000 920.6447753906250000 1054.8393554687500000 997.3074951171875000 483.3946533203125000 669.3204956054687500 854.9972534179687500 809.6661376953125000 997.5811767578125000 1052.8127441406250000 1115.6076660156250000 1086.0521240234375000 1082.8341064453125000 755.9423828125000000 838.7032470703125000 1048.7258300781250000 
1736.8957519531250000 3127.3930664062500000 2314.0227050781250000 1443.3222656250000000 2063.3120117187500000 2118.8039550781250000 2111.1882324218750000 2101.8862304687500000 1072.4586181640625000 1500.7441406250000000 1729.8330078125000000 1754.0809326171875000 2031.6412353515625000 2415.3088378906250000 2418.6926269531250000 2020.5314941406250000 2649.1982421875000000 1494.6281738281250000 1624.7167968750000000 2178.0126953125000000 
913.1340332031250000 1792.1447753906250000 1401.4625244140625000 821.1660156250000000 1418.5275878906250000 1214.3315429687500000 1229.5386962890625000 1315.3481445312500000 624.7326660156250000 790.9193115234375000 1232.6375732421875000 956.4729003906250000 1260.6448974609375000 1240.0721435546875000 1371.4069824218750000 1433.9865722656250000 1356.3483886718750000 934.4616699218750000 1059.8989257812500000 1327.8812255859375000 
808.6419677734375000 1640.6267089843750000 1169.5532226562500000 668.8051757812500000 1120.2268066406250000 1059.7487792968750000 1139.1752929687500000 1048.3243408203125000 516.8888549804687500 673.2887573242187500 911.6140747070312500 834.5123291015625000 1031.4107666015625000 1061.1617431640625000 1302.7418212890625000 1139.1865234375000000 1160.7431640625000000 817.6635742187500000 940.3707885742187500 1268.3669433593750000 
817.7053222656250000 1715.8115234375000000 1096.1772460937500000 668.8173217773437500 1042.1137695312500000 1008.7265625000000000 1074.6403808593750000 1150.0836181640625000 490.6846618652343750 647.1978759765625000 963.1799316406250000 779.3276977539062500 1039.5384521484375000 1043.6960449218750000 1290.2360839843750000 1186.3327636718750000 1218.5000000000000000 737.6787719726562500 975.0546264648437500 1172.1691894531250000 
1177.7857666015625000 2289.7067871093750000 1825.2736816406250000 1017.7886962890625000 1663.3836669921875000 1505.2028808593750000 1483.8476562500000000 1587.8900146484375000 750.4047851562500000 1058.2020263671875000 1252.9031982421875000 1270.4024658203125000 1473.8590087890625000 1689.0142822265625000 1827.0032958984375000 1650.5902099609375000 1700.3278808593750000 1091.0157470703125000 1281.8770751953125000 1493.4565429687500000 
965.0097045898437500 1940.9514160156250000 1368.8287353515625000 819.9729003906250000 1257.3609619140625000 1254.9124755859375000 1363.4425048828125000 1301.9141845703125000 626.1477050781250000 789.2820434570312500 1179.8388671875000000 946.0768432617187500 1199.9786376953125000 1260.1068115234375000 1450.1892089843750000 1319.5124511718750000 1465.6296386718750000 906.1657714843750000 1033.9829101562500000 1430.9271240234375000 
1846.7468261718750000 3679.5512695312500000 2741.1550292968750000 1627.7772216796875000 2718.8742675781250000 2281.3203125000000000 3078.4604492187500000 2379.3615722656250000 1234.3363037109375000 1636.3894042968750000 2053.8818359375000000 1996.0305175781250000 2464.8828125000000000 2527.8183593750000000 3045.9833984375000000 2832.0844726562500000 2714.8330078125000000 1837.2119140625000000 2000.7119140625000000 2738.4055175781250000 
1084.9139404296875000 2015.4291992187500000 1406.1542968750000000 925.9033813476562500 1271.7198486328125000 1231.9211425781250000 1396.1221923828125000 1344.1826171875000000 661.6752929687500000 890.8386230468750000 1122.7023925781250000 1060.3728027343750000 1302.9995117187500000 1430.6030273437500000 1468.9708251953125000 1251.7175292968750000 1702.3177490234375000 948.5286865234375000 1029.1588134765625000 1296.8033447265625000 
1066.1801757812500000 1841.5671386718750000 1495.0709228515625000 971.4710083007812500 1420.5656738281250000 1350.4916992187500000 1296.3856201171875000 1419.7824707031250000 666.5882568359375000 956.2078247070312500 1220.7446289062500000 1103.3929443359375000 1272.1113281250000000 1506.8101806640625000 1360.3123779296875000 1345.1904296875000000 1552.2568359375000000 964.0065307617187500 1038.9260253906250000 1328.4011230468750000 
1789.4987792968750000 3240.4497070312500000 2724.9812011718750000 1602.8122558593750000 2740.2145996093750000 2184.4296875000000000 2563.3054199218750000 2348.0815429687500000 1116.3872070312500000 1541.4204101562500000 1955.2250976562500000 1763.4266357421875000 2776.8066406250000000 2370.0705566406250000 2967.0612792968750000 3020.0686035156250000 2438.1838378906250000 1811.8540039062500000 1946.8034667968750000 2549.5922851562500000 
1532.3475341796875000 2884.4240722656250000 2189.8159179687500000 1359.2708740234375000 2060.3322753906250000 1967.4008789062500000 2415.9643554687500000 1935.5842285156250000 997.4714965820312500 1382.8806152343750000 1598.6386718750000000 1712.5761718750000000 1884.4998779296875000 2124.7680664062500000 2446.9335937500000000 2051.9599609375000000 2232.4902343750000000 1411.2060546875000000 1547.7189941406250000 2081.5336914062500000 
909.9879760742187500 1841.2144775390625000 1292.7392578125000000 777.8673095703125000 1229.8975830078125000 1173.9559326171875000 1402.6547851562500000 1219.3861083984375000 582.1537475585937500 765.2704467773437500 1033.3748779296875000 970.3753051757812500 1143.0292968750000000 1178.3574218750000000 1380.8345947265625000 1207.2592773437500000 1378.0700683593750000 847.6898193359375000 919.0236206054687500 1239.1516113281250000 
1037.8125000000000000 2098.5393066406250000 1532.1861572265625000 945.1359252929687500 1448.2740478515625000 1260.0084228515625000 1748.6949462890625000 1381.6682128906250000 679.6601562500000000 911.8333129882812500 1119.8525390625000000 1125.2000732421875000 1323.7196044921875000 1397.3072509765625000 1742.1529541015625000 1512.8665771484375000 1558.6166992187500000 956.3667602539062500 1062.8371582031250000 1376.1146240234375000 
1558.2392578125000000 2979.4724121093750000 2289.6740722656250000 1433.4825439453125000 2138.2749023437500000 1873.1196289062500000 2340.3371582031250000 2073.5576171875000000 1035.5300292968750000 1359.9752197265625000 1820.4591064453125000 1612.6535644531250000 1885.5180664062500000 2142.3920898437500000 2267.6879882812500000 2117.1484375000000000 2319.6574707031250000 1497.7601318359375000 1603.7078857421875000 2111.2292480468750000 
1467.3956298828125000 2750.3852539062500000 2118.1496582031250000 1362.3792724609375000 2012.4713134765625000 1747.2452392578125000 2386.4829101562500000 1937.3898925781250000 903.6218872070312500 1305.0441894531250000 1570.4010009765625000 1558.8851318359375000 1888.3386230468750000 2002.7761230468750000 2220.8562011718750000 2056.0429687500000000 2096.0275878906250000 1351.6561279296875000 1347.0904541015625000 1870.8602294921875000 
1150.2694091796875000 2032.4488525390625000 1622.6865234375000000 969.8748779296875000 1800.2324218750000000 1408.5517578125000000 1499.3289794921875000 1553.1196289062500000 714.3686523437500000 983.6161499023437500 1423.8690185546875000 1182.0830078125000000 1779.3023681640625000 1509.2781982421875000 1637.2353515625000000 1905.3804931640625000 1493.6125488281250000 1217.1730957031250000 1390.0776367187500000 1714.7545166015625000 
*** *** *** *** *** ***
