1119.1138547942982768 1681.4796631905080631 1104.6602999811032078 948.4782458191605201 1348.1229282801082263 1423.8887346297642580 1642.3019396106649310 2983.2590698223725667 1270.7473480804351311 1881.6307279856375771 1510.4507060185183036 1086.4709277919503165 1325.8536454134111864 1089.6357401614743594 1394.7773977912149803 649.7918388211764977 1636.2967691011588158 1328.0360449735442216 1419.8275168886993924 1689.7672841474543475 
1337.3792884612694252 1998.3854926086405612 1544.4849546660232136 1233.0433017736418151 1602.2688464843618021 1858.8264872116546940 1913.3836752831093690 3336.4229500541409834 1473.9514722694636930 2144.1046951473117588 1941.0882481024823392 1439.6502349064633108 1528.5831693954028196 1693.1486241024188075 1699.8553547545561742 889.1702882889268267 2066.7348133038490232 1584.2784516817089298 1666.4961111589145730 1892.1193030229060241 
1374.5530425904935328 1747.4738901486532541 1406.0893806914300512 1187.2367346938774517 1507.9354639977693751 1776.4172905906195865 1828.2041375346439054 3161.9866640571585776 1647.0028782963813683 1874.2899613935080652 1744.1926590975906493 1262.2796814767584692 1460.1321418073400764 1342.3386545204505182 1643.3209701151190529 786.1555670683911785 1933.2121376606201011 1559.8644290385909699 1661.3703774565383355 1861.9915584320151538 
984.5667473912408241 1440.9001068384150130 1108.0992583669271880 865.1138450399450903 1176.8398150195268954 1309.1442958448812988 1395.4580441783195965 2496.6302904935123479 1041.6965436035525272 1555.7066440171745398 1316.2919402189893390 1036.5544447016466165 1132.4103534772957573 999.4224159108089225 1191.7299549039780686 603.3965879682120885 1420.6425088445871552 1108.7780758534893266 1157.1107641250946472 1339.2999589789617403 
951.5132704711514862 1275.5206912470462157 986.2053986835474007 861.8100351158986996 1081.3550615604274299 1284.2466157024982749 1353.3255017569199481 2221.3193367346939340 1129.9997894515836379 1393.9541281599053946 1338.4396568720085270 919.1430666414719326 1040.4885522846702770 1086.0796277399851988 1137.4759578279285961 561.3124318573110259 1310.8793526167085020 1115.4482718433935133 1208.0311568180184167 1314.3754658289240069 
886.2319559765264785 1287.7193423139581228 921.9529549844628491 864.0788649232069929 1000.6548010676494869 1230.8587931140823457 1264.0100880390734801 2136.0709655690984619 990.6875267201016868 1411.4412991132662683 1253.0668278494272272 874.0037200176370789 992.2779540225807295 863.4167158997856859 1006.4591384742168430 535.4417017891262276 1275.1644868433484135 1066.4838334750568265 1112.7402795808138762 1313.1817649675606390 
1092.0683708075387131 1631.6870590772696232 1083.7026331018525980 1050.6789046162450632 1417.6189072679339915 1366.9347611174105168 1702.0670003070674738 2609.3792602209541656 1384.6590436297983615 1867.2376070686207186 1562.6901481796426197 1076.3174443735836121 1340.3842653181202422 1415.3699184153383612 1548.4216288962677481 685.2510162351983354 1516.1980335209482291 1259.1334864564214513 1345.8112035481080966 1631.9524361438798223 
1261.0952204585539675 1696.1980666769027266 1272.6917030633237573 1130.4143316866429814 1383.0957303555687758 1638.5682108751054784 1699.9741723524718964 2997.7275625551146732 1466.8551514646496798 1861.1498919175687661 1552.4078399260943115 1154.5511225644584101 1386.6119663328288425 1118.6261071706016992 1510.0569663178321207 740.5308714411689834 1837.6940996472662846 1401.1986826026704875 1493.1131535808765420 1865.0173083978959312 
1314.1968420921871257 1816.1717018725489652 1415.2274997079298373 1093.1179575144874434 1579.7255834998027240 1786.0476270429912802 1760.9258604182414274 3316.6156329972473031 1453.7805291162762842 1926.5647230918079913 1781.8710659171078987 1298.6352407643616971 1466.4020524166448922 1464.8291830173425296 1588.0388073034769150 765.5811086440749023 1913.3037621724618020 1547.7378739974385553 1671.1948093624025660 1766.9830284575245969 
848.7390374464605429 1178.5862955706209050 867.4001863889589004 753.9311394925255172 999.7146866732812214 1129.8122118208657412 1179.8460434185249142 2066.9605244026629407 963.1554486856474568 1315.6339539504067488 1165.8153317901237642 811.7121604938276960 964.2533526890690609 829.2332318042959969 1017.3835720269592002 482.6854225376879981 1158.8782787514701340 993.9157268518520141 1029.5215489339257147 1154.1331391329676990 
1285.6667590545482653 1784.2932834545865717 1194.6718961325275359 1079.5919296540378127 1430.8141458385830447 1557.1863276329056589 1999.4512794075965303 2877.0579285950498161 1448.8911909066105181 2022.6441038674729498 1608.9942096560855589 1161.2195493276024081 1410.5876710653392365 1191.2959531053163573 1507.6432616108177172 691.2784159003110744 1590.0710598859916445 1397.3403904950873766 1489.3793446082136143 1671.3532475119675382 
923.6296476337452077 1345.4700101830862877 1049.7282855629393907 898.7614348492480758 1144.8317881550774473 1258.8184737903650330 1307.4574685256045541 2429.4514491606832962 1081.4242196712016266 1440.9120019736285485 1352.6102592592592373 996.0845489356757980 1095.4590470626519618 987.5240952888357242 1186.5708450648776306 587.9076640841522021 1379.9281801198876565 1114.4270853279583662 1154.5222399179581316 1338.8353759526955855 
1270.3451571082141527 1915.9568555074154119 1262.9340343765370562 1226.5155728480549442 1551.0246035885256788 1689.1915724468801727 1837.1269410981981309 2976.3180888155525281 1540.5108964474679851 2268.5610364101539744 1868.2386758314444251 1235.1584515201150225 1542.9513791732147183 1304.9821461321521383 1603.5911478736998106 769.1731640998992816 1862.9042699634971996 1617.2113279928373686 1573.2421986646509140 1937.0750572916660985 
946.2829069529932440 1340.3848124415112579 959.4779079653027338 855.3456736583520978 1089.9902873834721504 1208.5268950737265641 1464.2135198176495123 2254.8252406934998362 1058.6065110649199141 1468.2128225638575714 1266.3795936476444695 934.6974593253975172 1080.5320540963293752 920.9966027111902349 1139.5620747984380614 551.2980397612750494 1208.2348565444697215 1020.1109856859410456 1069.0637710886603600 1256.1670499743540859 
722.2601625724366841 1015.1640317670280638 794.6887752328811985 606.1047359798858452 869.3266019620815541 952.5783483433241372 974.4950660391471047 1915.2930200984719704 805.8438401203072772 1090.7241570242290436 942.7903258849839858 717.8975596996517652 818.1019745475346099 777.3016632626815863 921.7289161942555893 435.2653110197782098 1075.0586040669354588 817.5785790107709090 899.2189556248424651 1029.7220013345613552 
854.0627370716806581 1214.7785347773374269 890.8113113122232107 791.6195667989417188 921.1000978453555490 1154.9572505319001721 1248.5858325572289687 2099.1958554916677713 901.5845321304594790 1330.4394723466982668 1150.6026709866048350 845.2644814237427227 946.6955655736717290 779.5766804453263603 946.0947269463342764 516.0734309424827870 1153.6556888879892995 920.6322071725513752 967.2437538973924802 1246.9703066735951325 
591.4812237024443675 808.7874286984052787 584.8345624385117389 551.1491481226530595 631.9763923532381114 826.9688016340430750 859.9141492811852459 1379.5382098765439878 638.7307097015763020 920.7261799931611677 821.5343753674313803 572.7927581858366466 660.8579206034262370 570.9173330138935398 642.2971745536842718 342.4961330834803448 798.4962617315450188 657.8544202727389347 719.4693776533764549 806.4453565602166236 
801.6513558838439621 1165.2602496299448376 808.9908197471376070 773.1335579807871454 960.1722745023939751 1105.9890917107584301 1203.0051466311833792 1995.2774264613253763 905.8762099500293061 1285.0867065179243127 1187.7930675233060356 820.1934369925959345 954.2575257726542759 921.2310048198437471 993.0334218166985920 500.1658306720837572 1126.0181653649115106 913.2547908005792578 959.5242444424197856 1142.0969063527302296 
1092.2692189074707585 1545.0326819954732400 1080.0160592508611899 928.1437152147898360 1314.4159947378650486 1358.4050000965446543 1710.4422369260209962 2712.7772450554307397 1258.0508364302513655 1721.9190024250440274 1571.1866884369499076 1080.2664702118511286 1299.9295106432487046 1040.1288192476065433 1345.0414610408249700 611.6650607310828036 1284.8156872754179858 1193.6757099575283974 1210.4207646481213487 1438.4315306778576087 
1032.0561845762997564 1512.4504466254097679 1148.6586095714008025 940.6451314427886246 1224.0090665942307169 1372.1597262877080539 1548.9905497347747314 2753.7511151922199133 1128.9418774880321052 1626.1875682109259742 1442.1315712133621219 1088.4411291607184467 1204.3097346798795115 1038.9393433996906424 1276.8839805561553931 634.5789012503149706 1417.9918464716133712 1164.2381147381790925 1186.7065671847446993 1412.1465743890141766 
*** *** *** *** *** ***
1233.1252415295925857 1408.4651128781542866 983.2234228027632525 1027.9809732720250395 1154.5629742024125335 1320.7277542097085643 890.4162520733601696 612.7774304618229735 933.1688736536282249 1264.0911908201885581 1396.5079036172448923 1049.7266964023265245 829.3709489709685840 961.8472509671303214 1942.9321196302596491 1488.3385897738726271 1546.5552538235303928 1014.3086439661843769 1543.0581960978834104 2320.5214024313418122 
1206.5564557744394278 1354.9592852221910562 919.8394637608128050 988.1843159783462625 1069.9130568153186687 1433.6246565675658076 812.7863823363707070 600.3859026990423899 856.1995907698729980 1214.3790979570837862 1396.4918787661667920 979.3912283478205154 789.2434557928110053 818.4859952325832637 1652.9179220075370722 1340.2074383634628703 1445.5797497008065875 974.4479217057194091 1523.9488673941796151 2044.2438299949606062 
1569.3564914196133486 1847.7329469884666651 1164.8455364578960598 1413.2710404383981313 1493.6765332936151935 1844.1415578371270385 1141.3134888091035464 829.8277994981938264 1192.8199169812328364 1497.7319308328781062 1952.9023621871585874 1505.5970952722136644 1067.6988261894266543 1063.9007670907867578 2332.7523048723087413 1705.3110139886207435 1911.8151388713918095 1318.6807657260435462 2022.3055305859991222 2973.8358950354827357 
1378.8552112281643076 1477.9033150273996853 1093.6610638437473426 1118.1552064909299133 1274.9440081779619049 1527.4411847442681847 950.1155916442709213 650.7648599806983611 999.4160354177167847 1520.1051544915808336 1670.3691303163132034 1173.8654739071550921 965.9822811292730194 977.7845976631389249 1996.9321676324843793 1458.4254382208648622 1632.3522441630966568 1128.3513715251535814 1847.1231210343705698 2549.1557615268329755 
2120.0999416629674670 2254.4474387027744342 1649.1513339842113055 1671.9781221690329858 2051.5399314793817211 2565.1342477526727635 1528.4640316725460707 1026.1889130268502868 1652.7428816295041543 2038.6774685934049103 2240.0186512135724115 2022.9285019368862777 1542.3102384101794087 1551.2288346403374817 3356.4825658226254745 2364.2058880700433292 2576.3514558587985448 1762.8738634499216005 2600.9107045855384968 3455.9597911102723629 
2453.8040555675534051 2846.9115723553973112 1786.1339813765014242 1755.2074128663816737 2299.8108493428235306 2532.7541908567441169 1647.1148979066936135 1158.6856471778298783 1640.9838821963974169 2095.2936713881540527 2760.4716366948014183 2134.1985398688793794 1572.7578109612895787 1790.5377606659944831 3139.6734961970901168 2564.2951883870832717 2859.1076315702644024 1920.3556282768845449 2910.7880188911976802 4234.0601125154098554 
1645.8956599846724203 1690.4774446154126508 1228.9282282218441651 1176.6832261992249187 1368.5821614150290770 1736.6286351896469569 1034.6188310797570011 752.8449266739098675 1156.8139086986648181 1502.8055898743534726 1701.1665652294864230 1306.6159920634920582 1069.4752320063828392 1088.6877687625969884 2120.1630626417222629 1719.2496919406651159 1901.2828351213715905 1202.5425626951512186 1908.6303541981608305 2509.4293538427273234 
1497.5112590965397885 1750.5407399612629433 1208.6048174393217778 1118.2013631687243560 1429.7050284234062474 1626.5799240651506352 1057.9302457797934949 654.0391501690178302 1089.3672719041323944 1533.2358278053725371 1562.6293209576599565 1315.3353149407914771 1103.6261765348115205 1146.9412141229947792 2362.5707782974300244 1671.4394616612078153 1889.5673200375829310 1264.4627947189678707 1643.2753191924916791 2593.9056098434748492 
1924.9038107835726805 2245.7605148625812035 1441.2532299802642228 1602.9561522633748609 1693.1110884222507593 2040.8253977570959705 1380.8557035077401451 956.6899292957918988 1408.5332376569458575 1837.2953172503566748 2282.5093891067222103 1702.6601500955321171 1319.0026463687327123 1395.5365850510725068 2717.8714508141210899 2193.0081254286697003 2342.6646291309725711 1529.1702249858278719 2251.3745672582299449 3343.4745310794069155 
2440.5043168990482627 2732.4909132158159082 1804.4543124955011990 1975.4241524943317927 2081.6830873514527411 2929.5479051891370545 1640.6470478500041281 1163.7203827655393980 1823.7659360433995062 2153.4929336734694516 2944.3068711222917955 1860.7765381314566184 1569.9273597332455665 1525.8810508983679028 2975.0090840734446829 2478.2532744394061410 2894.6320547130890191 1849.0882954026517382 2741.0605858029939554 4252.9816187169308250 
2004.4153383776351802 2368.8796241378499872 1554.7789800642481168 1781.3104122574964094 1927.6717623692989036 2267.4871190266230769 1468.1152741822038479 1032.1212429007091487 1560.5846193743705044 2063.1019337252100740 2437.8059526199695028 1860.6598643392539998 1393.1680658567443061 1542.5787289580182460 2949.3409156641046138 2420.6107216124623847 2509.3421813586546705 1769.0699391376922449 2587.8095614886897238 3642.3126650289746067 
1121.3772412933869873 1284.7627043598299679 823.4424738074241077 875.9578093768373037 1047.4285563166620250 1278.4390866484598064 797.0515692817249374 531.1302842340636516 802.5169968033512760 1110.1728198223731852 1279.4034848198532472 937.9871732095614334 748.1871305789511553 808.4364635298561552 1485.3391107346815261 1286.9981720049131582 1434.4702064436880846 961.9026378090917433 1341.5416103447550995 1806.1327318976532297 
1225.7843033990859567 1343.9986418637672614 1014.7208945193304999 1039.4134929383278632 1303.5509045755648003 1523.2846650267867972 983.0459352674195088 634.7700654773148017 991.0866083094504120 1338.6299807291229627 1396.8182640219883979 1201.1808810783570607 885.8121491087180175 1084.2053198026892460 2055.2104743533218425 1588.3093238264955289 1623.6812147205071142 1119.5955444447067748 1761.8316416988602668 2156.7550327289091001 
1322.6932622784418072 1389.3495768358054647 1018.8169975907035223 1058.8087694738394475 1198.6784257684557815 1425.0914934128636560 884.1393884217270625 620.6422983816540864 965.3665312841191053 1393.7153237216407433 1631.1218854024198208 1056.2117368433487172 908.6697224884226216 908.5852056366529723 1856.2068987436614407 1355.3610234473426317 1515.1867393555016861 1051.2387104516856198 1770.2071413699234199 2480.2672731599591316 
1879.0544379120478879 2014.6948494149976341 1457.6960402494330538 1369.9486077254980501 1680.6824500503905711 2015.9822125377922930 1300.0754587322583120 825.4585465594961988 1317.4219310948919883 1935.6245702895350860 1989.7473110411492598 1570.0573425689722171 1281.1260076215671688 1396.0366578207663224 2501.3101337317339130 2110.4091937751950354 2368.4188558988407749 1503.6002250881838336 2137.5323961482740742 2962.8454165091961841 
1914.8678837291088257 2027.4040603347821161 1383.3000755857899549 1491.4228484819857385 1704.4557523738658347 1955.2415959624588595 1327.9885280454773238 915.2010437700207603 1365.2141444830251658 1906.9796294131081140 2110.2689434542553499 1674.8704268825586041 1262.4457771820150356 1362.7818789958105299 2607.3148327926846832 2223.9896492478169421 2343.9695097946582791 1532.5042365047872863 2271.3271339600655665 3108.8550153139963186 
1136.1831406840508407 1302.7292110068301554 888.2290787756901409 927.5871520254193001 1036.6876335698887033 1331.0299477338257930 775.8660491202651883 548.9240066767443977 809.4756236877467472 1157.7267701772066175 1449.6241617850837429 903.5050614764425063 790.9997571371583263 827.6856866759046625 1472.1860914098147077 1176.1195992378432038 1338.8134670921861016 935.0616407470396325 1496.5818911144706362 2028.2632669753081700 
2053.5742342694575200 2269.8434675993416931 1500.4570024985307555 1634.6248680188134585 1783.0373341128120046 2731.5407841369569724 1337.0744924886621448 1019.7165177446634061 1415.2205590395883519 1736.3485216023136672 2459.4459177505882508 1560.9763466356453137 1277.3252409372039438 1303.3815382889260945 2347.3742323711894642 1993.8480666021039269 2289.6109697701831465 1535.8332064234425616 2453.4264912603925950 3441.1111169493260604 
2021.3655745569835744 2304.1175559807261379 1610.7421231733439981 1636.7872386096416903 1818.5341622758669473 2425.9608898757037423 1381.4102540784833764 986.8829530423275855 1487.4838723702443986 2057.4893314069458938 2251.4854212595537319 1689.0612615740744786 1376.5269535252375590 1456.3014925044092251 2834.9060122197024612 2314.2927016093476595 2464.2374235218776448 1661.2291521164022470 2475.4478730158730286 3247.6215478552539935 
960.7041439290660492 1105.2450006364429100 769.3180705152432211 791.9901901280062475 973.0871456916099760 1299.4152609359437065 705.5652979252400883 479.9690177784072489 763.4516423890435135 926.1448523340110341 1094.2447301263609916 883.0260573612158623 674.8394227835168522 703.3052791884497310 1396.8740080283650968 1062.5085485909899035 1229.4689159150577780 854.0690975821544271 1253.3922858455107416 1582.9437237286890650 
*** *** *** *** *** ***
1500.1902066466500401 1947.4770173007470930 1741.2172046905179741 1615.4795939363402795 1917.7267118519218911 1862.5461339013268116 2221.4285417454016169 1774.3523261426848876 1691.7806173589362970 1437.3808355554151603 1824.9911907211442212 1399.1117380322498320 1433.7773643130090022 1411.0519907144953322 1273.5235752603512083 1758.5347866013689782 1836.2950667674483611 1599.9559742355938852 1543.5560998196087894 2901.7391341284087503 
1030.1439020324173725 1166.6385760477021449 1232.8003990599761437 1117.2467398304115704 1214.1499896769405495 1259.1411363288698340 1438.2562050684468886 1222.4784570000833810 1059.3045987404361767 879.8456690392202972 1243.7547620097416257 949.8983660871753045 939.2366310258666999 976.2349233644071091 785.0280693429634766 1181.6100270324175199 1257.9698937599730471 1042.6276392038294034 1009.9141588456369618 1919.1652444390449546 
1260.4715385592503480 1547.1759630626936541 1487.6527952307462783 1421.5292709908037523 1544.0886445998153249 1693.9531417968419191 1797.3105807980596182 1533.9289503810780388 1322.7267247102540750 1196.8899466087873407 1506.3925325438808613 1169.4329905202821465 1135.5466349801233719 1253.0137229150923304 991.5299756095852217 1456.5795301520809062 1550.3113391019987830 1312.6830541881874979 1234.0229672081025001 2411.9260638699920491 
2112.1433972663130589 2383.4179105703110508 2060.5773980851595297 2071.4254312326779655 2454.7352921075844279 2768.6172690696644167 2815.2147157816816616 2429.7768042957909529 1980.9931022297803338 1928.1117590492981435 2489.8451824451990433 1849.3083417737461787 1698.0889082839923958 1805.5250613347186572 1489.3077563093140725 2087.4207900945871188 2548.7806564468387478 2364.1395579176110004 1733.3632887219700933 3604.8417294973532989 
1041.8389505647937767 1282.1800182740641958 1309.0802324577982745 1315.8465367929586591 1283.4872612017697975 1407.7285383901580644 1528.2452441184811960 1325.8580292142578401 1102.9641461771436752 996.5070939310908216 1399.0817928611918433 1056.7062923910305017 922.7860839081006361 1131.5702214483683292 825.1947872027562880 1222.7865174240998840 1314.4845113487422168 1080.8986891684364764 1011.8021661155210040 2105.6205790658855221 
1734.7220735351747862 2339.2840318457620015 2565.5525886995742439 2313.3055083800495595 2217.1123568987786712 2385.2544010657243234 2673.7543159748461221 2416.6056027616805295 1983.4496852691690947 1794.7941710145987599 2474.7699189114941873 1822.9392323143247268 1619.2295997408741641 2071.4824868862151561 1486.1902437116825695 2180.6156218396563418 2282.2644426335355092 1930.2436476092498197 1825.5197246127104336 3682.7789081068381165 
1005.0922593721128351 1166.1972973218530569 1346.8966947563853864 1277.0475860163289781 1246.3467645520142923 1330.1707130484464869 1449.0278380758165895 1141.7221757509582858 1036.2755143376791693 899.6397016860827307 1294.1330061798380484 948.2970575694265563 881.2301189951291462 1087.5338747909140693 773.0932224691757710 1112.8366004613008045 1244.3706298815827722 1150.2705785987232048 947.2520563927731700 1827.5811308455263315 
1169.1415868046801734 1493.3591409360035414 1434.0705895569137738 1265.0093088886790156 1254.2133085579914678 1414.0886626476724359 1730.7611727896405682 1444.0623418647294329 1158.6968776988676382 1153.2237842060690127 1670.1381512730608847 1058.3866560846561242 1002.9302267363738110 1159.8549328257540765 887.3095647693236288 1280.7779669259680304 1441.3916430933491029 1292.9600393413541042 1110.1378254081987507 2299.0291981869904703 
1401.6706807445191316 1675.3044527378838211 1598.8778396006543971 1485.4207393235067229 1619.2568448969091151 1727.1928265935996478 1890.9884915910802192 1617.3446727015314082 1370.1644664430577905 1281.7858458889718349 1672.1989915595859202 1195.0264244771974518 1241.8645491922516158 1290.9026039304608275 1038.5609401507515486 1488.6979856911896150 1722.2253396636428988 1568.2833578424751977 1292.5118755995119955 2465.3913679914412569 
785.3698433469502334 970.6924544535620498 927.5602505353987226 899.2293582556475258 896.7557513874892265 974.4656709026199906 1197.3599495963508161 922.4551831905596373 758.0799415653604001 766.2216235460230109 1073.3974914965976950 727.6325917002601500 646.3204477895656055 771.2044210094750269 580.0271330852299343 816.0089696843241427 971.8448397345050580 853.4751299918115137 693.9601544259677439 1454.6508675831437358 
801.0687954564541542 1000.8771893071605064 958.4451222232725058 912.7724638211769843 974.2598904924631142 1017.7978716590034765 1128.2578437709964874 948.2451286120714258 828.9689006204336010 790.8181747344000314 996.7530243501723817 745.4338833039390693 730.2994353242844454 821.1221025184765949 630.1479859798863572 880.0645335726887879 1042.6103834404138979 832.8821320591731592 757.7848410428218813 1537.9081692773008854 
1488.6259555828498833 1759.1313161025723275 1712.0135186681152391 1587.0209986247582492 1727.1513532349670186 1893.8746290889814645 2012.3814263668430158 1793.2749842529601665 1548.9991443233670907 1324.7165803728894389 1716.2212330981774357 1383.8607199441503326 1318.4402222563412579 1419.6519713193920325 1098.5281574948912748 1703.0180844710571364 1643.9412553539941655 1479.1051073160749638 1362.7076406564945046 2736.5244130094165484 
1005.3497190728138548 1298.1747949210539446 1220.6509941893421001 1114.9815101214094284 1189.4679491318131568 1218.1272773740408866 1495.7991823284091879 1202.9546669238677623 1049.9240672219241333 975.4120862027931480 1319.7099320821428137 912.4198275524197470 927.6329002088230027 952.0098907702223414 837.6453370128913321 1101.8987199187802162 1283.0023946260603225 1144.8817209195919986 991.3811850893905557 1883.1585214710876244 
672.1389876453225725 790.0580176726772379 834.8883033509703182 743.5372532401412400 812.6763683477510085 790.3812183477008375 943.5792181594861177 752.6212032387910540 727.5393959210671255 593.6620818373644397 894.7712694438446306 611.1089179474258799 636.4629704428069772 651.1631590136056502 546.2079941560989482 726.9830054274798385 847.8895729065441174 782.0372899007486467 663.2877862418118866 1234.0234900951120380 
1638.2227092571592948 2251.9223510679985338 2331.2585730487671754 2187.2226078409757974 2284.5536843610902906 2197.7265823412699319 2752.8893645282178113 2302.8554769778284026 1914.6875006333802958 1705.5668175128075745 2313.8985749454095640 1864.7186096413870473 1605.0173244467544009 1866.0909951866549363 1449.6000360257276043 2005.3451822851054658 2187.5995847505673737 1889.9217865016382802 1787.7849635272318665 3487.5078137361433619 
1259.1261086871916177 1597.4219328966146350 1553.0467858586339389 1556.1172524565381536 1603.0004569078521399 1713.2394240970195369 1728.9971217364263794 1533.4530116475600607 1307.2401510506647355 1260.7902698517677891 1554.4346850592085048 1260.2628025793646884 1105.2252736704253948 1364.8351299721277883 950.8628206697143241 1382.5631015434728397 1603.8978252551025889 1417.0732910918998186 1133.2140103182480289 2423.2123098544971072 
1047.8285557865121973 1612.3879701016207946 1387.2162851368941574 1365.4854655087344781 1337.0541704197116815 1504.7960069226987798 1740.7562422524565591 1454.5951505924383582 1103.5920137614127725 1181.0068176125387254 1370.3622389420788750 1051.3354526993925901 995.2725664650046156 1082.0580818356149848 959.4664447908793363 1296.5578718138492604 1379.3538435216682956 1245.3125013647438664 1157.1243044465140883 2211.6217184350593925 
801.2205859648385058 1113.1870537761399191 1128.7211159681978643 1027.8380517237758340 1069.7797579417574525 1084.4422870650316781 1306.1884731696686686 1105.3897532613868862 899.7404581574912754 848.2724729448360677 1066.1322574500991323 836.0661490299825118 765.6124736499539267 902.1153260293314133 740.1789109522411536 967.9795017046171779 1098.5204674823637561 937.1215168493325791 859.7772950400328682 1631.2792736231838262 
1114.0857724747738757 1462.1298150622674257 1287.0788017552695237 1246.9471097658636154 1320.3628976914837949 1450.5972376648178397 1649.5255584687567989 1406.2291655193814677 1112.8497705918782685 1113.0087604455352448 1444.7194846818783844 1047.0697677626599216 1008.2933527021916689 1042.4959769463337125 871.1802322373391689 1246.1779804421762492 1411.2570031359100540 1246.6962598868906298 1099.6925134768412136 2189.2776590226026201 
864.1208470857477550 1019.5743961735191760 1118.2182150205760536 1055.0979425508630811 1073.6430574958160378 1140.0799705727201854 1320.9612314316161701 1038.5568309782761389 884.1765715170547537 783.0446240787981651 1075.4418825979466874 831.1186851221972347 770.1435243702312619 904.6138660556816831 666.7386756064861402 989.0204408918000354 1064.9746807550184258 908.1606535152642437 866.9263205270535764 1638.1952872428737464 
*** *** *** *** *** ***
