46.4103202819824219
46.0003318786621094
67.0483856201171875
32.9928588867187500
40.4161529541015625
37.4662208557128906
46.8968276977539062
68.7451019287109375
45.0443115234375000
34.8787231445312500
45.9960975646972656
36.0703353881835938
58.0847244262695312
33.9049568176269531
29.5568771362304688
49.0300941467285156
22.6322441101074219
37.0722503662109375
51.5009460449218750
41.0156707763671875
*** *** *** *** *** *** ***
60.6542091369628906
59.1585273742675781
53.6815834045410156
50.4692497253417969
145.6773681640625000
67.3118209838867188
87.9656372070312500
53.1831512451171875
148.3930053710937500
87.8230285644531250
101.3011856079101562
56.5814819335937500
71.8341293334960938
41.3015289306640625
71.0565490722656250
108.3139495849609375
32.4356689453125000
58.7996253967285156
130.6572265625000000
46.6856079101562500
*** *** *** *** *** *** ***
111.8390274047851562
59.9857101440429688
54.2416687011718750
130.2440490722656250
41.4245643615722656
57.1335945129394531
53.5968322753906250
39.7681198120117188
77.3392791748046875
39.6688461303710938
36.5994033813476562
52.1194419860839844
57.5282440185546875
44.3619041442871094
93.7555618286132812
43.1333274841308594
45.5190467834472656
42.0332794189453125
47.4063491821289062
52.3515853881835938
*** *** *** *** *** *** ***
