46.4103174603174722
46.0003306878306901
67.0483906525573019
32.9928571428571544
40.4161564625850289
37.4662202380952465
46.8968253968254061
68.7451058201058345
45.0443121693121711
34.8787202380952408
45.9960978835979049
36.0703373015873012
58.0847222222222186
33.9049603174603362
29.5568783068783105
49.0300925925925952
22.6322420634920682
37.0722505668933948
51.5009424603174821
41.0156746031746238
*** *** *** *** *** *** ***
60.6542068216175636
59.1585241874527341
53.6815854119425779
50.4692460317460316
145.6773809523809291
67.3118159486016623
87.9656462585033978
53.1831481481481489
148.3930114638448003
87.8230158730158763
101.3011904761904844
56.5814814814814682
71.8341269841269678
41.3015243134290557
71.0565476190476204
108.3139550264550479
32.4356679894179720
58.7996315192743850
130.6572255291005433
46.6856040564373700
*** *** *** *** *** *** ***
111.8390211640211476
59.9857142857142591
54.2416666666666458
130.2440476190475636
41.4245634920635126
57.1335978835978651
53.5968253968253947
39.7681216931216923
77.3392857142856940
39.6688492063492077
36.5994047619047649
52.1194444444444329
57.5282407407407206
44.3619047619047677
93.7555555555555173
43.1333333333333400
45.5190476190476048
42.0332804232804165
47.4063492063491836
52.3515873015873154
*** *** *** *** *** *** ***
