<<<<<<< HEAD
-1.1901531219482422
0.6859211921691895
0.3421441912651062
-0.8428713679313660
0.4349740147590637
-2.6740996837615967
0.3403787016868591
1.5531971454620361
-0.2494500428438187
-0.8852039575576782
0.9341406822204590
-0.1391756832599640
-0.1668995916843414
-0.7432072758674622
1.7406945228576660
0.9305449724197388
1.9150540828704834
-0.7721793055534363
-1.9354068040847778
0.4794394671916962
-0.7999079823493958
-0.3868429064750671
0.5654804706573486
0.7329397797584534
0.7744328975677490
-0.0774166882038116
2.0817165374755859
0.3361122906208038
-1.8554186820983887
-0.4448729753494263
*** *** *** *** *** *** ***
-0.4813351035118103
-0.1695627868175507
1.5705624818801880
2.0878303050994873
0.7233383655548096
2.4041099548339844
0.2944737970829010
3.1996130943298340
-1.2651772499084473
0.8305339217185974
-4.5659613609313965
-0.3699285984039307
-2.3422636985778809
5.8543782234191895
0.8032104969024658
-1.2953903675079346
-1.6747934818267822
1.0751982927322388
-1.2666033506393433
-2.1735625267028809
1.2855141162872314
0.7805019021034241
2.1560389995574951
3.9808566570281982
-0.4151503741741180
-0.1286541968584061
-1.5047096014022827
-0.9764452576637268
-4.6678328514099121
0.2118366956710815
*** *** *** *** *** *** ***
-2.0180263519287109
5.9237847328186035
0.1191126331686974
-0.7223732471466064
-0.3800044655799866
-0.5925375223159790
0.8187781572341919
-1.0008063316345215
-1.6898614168167114
-0.5583233833312988
-1.0810317993164062
-0.1811288893222809
-0.5334834456443787
1.2095288038253784
0.2351634204387665
0.2389879822731018
1.0221160650253296
-1.3340113162994385
0.4075183272361755
-0.3252137601375580
-1.5566309690475464
1.2797058820724487
0.5825266242027283
-0.7873618006706238
0.0705837011337280
0.0614383183419704
1.3061590194702148
1.0187644958496094
2.1218671798706055
-1.7218551635742188
=======
6.9196524620056152
-3.2268486022949219
-0.6555739045143127
-0.7991080284118652
2.6727483272552490
3.3170638084411621
1.1634505987167358
-8.3458328247070312
7.3290324211120605
-4.9050941467285156
-6.8230733871459961
-3.6027526855468750
7.2472963333129883
-0.4358955323696136
2.2868669033050537
1.0113339424133301
3.1626687049865723
-7.7806887626647949
8.0425539016723633
-13.7002735137939453
*** *** *** *** *** *** ***
0.2103798687458038
0.9180880784988403
0.0149773722514510
0.0492817647755146
0.8843353390693665
-0.7752197384834290
0.2155448347330093
-0.3168982565402985
0.0835724845528603
-1.1163235902786255
-0.0066829174757004
0.5231684446334839
-0.6627884507179260
-0.0400563292205334
-0.1532843708992004
-0.1720119267702103
0.5038624405860901
-0.4011583030223846
0.2971560359001160
0.0692705065011978
*** *** *** *** *** *** ***
0.1764986217021942
-1.6133503913879395
0.7752403020858765
-1.1130061149597168
1.4372453689575195
4.5680599212646484
-2.1644337177276611
-3.7110402584075928
0.3219160437583923
3.3672578334808350
1.2820230722427368
-4.1218566894531250
1.5428912639617920
2.9414792060852051
-0.9679580330848694
-8.4702997207641602
-3.2707157135009766
1.9497652053833008
3.3908398151397705
3.4912567138671875
>>>>>>> 24546d1ca296a8ed7089f6ee3df53b720e8e2372
*** *** *** *** *** *** ***
