2.3417294613876374
-20.9843117046557168
-17.1321975091777503
18.4293697452893497
3.1919307735567077
6.0172942311233104
-3.9167922532009301
9.8337035431275943
7.6312344768056102
-12.9125173256956192
-23.8445251903053972
19.7288445221182869
2.6719384572856422
5.3346329943094064
-8.0329938934961760
-25.6370574162447582
0.4513991642651203
9.9289075216631399
-1.0231829401463071
4.1873379991328825
*** *** *** *** *** *** ***
-4.0240193481363074
0.8088957301628098
-2.9610984234348283
-3.3901281845749147
9.1139010462275678
4.2045778509439682
1.3786191113094204
-1.8064450160701957
4.6396661828598207
-5.8929532100769091
-1.6513750883650069
0.4676161312887563
4.6104642220436585
0.0827249542614991
1.2876367290417698
-3.1097854816473856
2.1442690633400594
-3.8784962845109590
-0.7355455477114782
3.2279717725609012
*** *** *** *** *** *** ***
7.0559048507887541
10.6573743188506409
6.8117035055310957
-0.7051746986965433
-9.2026831045736941
-18.3238109564443867
5.2490625204398889
0.9936796744738698
2.3656470995777013
1.5353122293409147
-0.7553904569604357
5.8559644887173343
-3.6580441954451897
-4.9904091304048777
-4.9854294501284206
-3.6678581083830037
5.8292012729035969
1.4252512612087089
-0.5736372187604586
8.4743982303420644
*** *** *** *** *** *** ***
