2.3417434692382812
-20.9843425750732422
-17.1322689056396484
18.4294071197509766
3.1919288635253906
6.0173130035400391
-3.9167997837066650
9.8337268829345703
7.6312642097473145
-12.9125432968139648
-23.8445930480957031
19.7289161682128906
2.6719317436218262
5.3346557617187500
-8.0330123901367188
-25.6371517181396484
0.4513975381851196
9.9289340972900391
-1.0231834650039673
4.1873440742492676
*** *** *** *** *** *** ***
-4.0240254402160645
0.8088962435722351
-2.9611015319824219
-3.3901312351226807
9.1138973236083984
4.2045783996582031
1.3786239624023438
-1.8064451217651367
4.6396694183349609
-5.8929533958435059
-1.6513751745223999
0.4676171839237213
4.6104688644409180
0.0827239751815796
1.2876380681991577
-3.1097879409790039
2.1442699432373047
-3.8784947395324707
-0.7355446815490723
3.2279722690582275
*** *** *** *** *** *** ***
7.0558886528015137
10.6573400497436523
6.8116912841796875
-0.7051767706871033
-9.2026586532592773
-18.3237552642822266
5.2490506172180176
0.9936820268630981
2.3656423091888428
1.5353088378906250
-0.7553894519805908
5.8559451103210449
-3.6580328941345215
-4.9903907775878906
-4.9854140281677246
-3.6678504943847656
5.8291845321655273
1.4252452850341797
-0.5736371874809265
8.4743690490722656
*** *** *** *** *** *** ***
