<<<<<<< HEAD
<<<<<<< HEAD
-1.1901540880079489
0.6859195417657519
0.3421436307317843
-0.8428708756392255
0.4349741471404320
-2.6740983653565351
0.3403774869031862
1.5531964973124639
-0.2494502655046082
-0.8852033500140437
0.9341412675621437
-0.1391759837159234
-0.1668998310812076
-0.7432067757531766
1.7406943673199382
0.9305442790104069
1.9150553602341149
-0.7721786961207006
-1.9354073992322882
0.4794396407224716
-0.7999076576925656
-0.3868419900057380
0.5654804950214024
0.7329396507999788
0.7744331689042283
-0.0774161805833303
2.0817152607544682
0.3361122600255062
-1.8554186567405919
-0.4448722079999191
*** *** *** *** *** *** ***
-0.4813354717210094
-0.1695632271335011
1.5705664242164752
2.0878298658681795
0.7233377972165081
2.4041152041180358
0.2944752129438928
3.1996186413173868
-1.2651799834072077
0.8305332455252868
-4.5659684474375739
-0.3699259589106167
-2.3422669818866471
5.8543897795873914
0.8032063968108137
-1.2953932505566059
-1.6747968600593086
1.0751989455805961
-1.2666057165492028
-2.1735658508404652
1.2855164745712493
0.7805046452672239
2.1560422772136776
3.9808625641995632
-0.4151501151270132
-0.1286535091429715
-1.5047126820145040
-0.9764456695256859
-4.6678395955467282
0.2118389131056511
*** *** *** *** *** *** ***
-2.0180221797774718
5.9237816831641368
0.1191124501282485
-0.7223734612142936
-0.3800046024725941
-0.5925376997726975
0.8187772035220796
-1.0008048779060927
-1.6898602223746493
-0.5583224952029374
-1.0810323942824431
-0.1811307653894127
-0.5334833089558763
1.2095281823107635
0.2351637014029686
0.2389883872304676
1.0221156800803113
-1.3340103490012296
0.4075171341181393
-0.3252130637712336
-1.5566286526669180
1.2797040046599746
0.5825257470085600
-0.7873600026631046
0.0705841135186749
0.0614374167038227
1.3061585127212640
1.0187626432469292
2.1218644861296605
-1.7218528558928583
=======
6.9196469763725750
-3.2268492093578023
-0.6555741056580334
-0.7991070707028960
2.6727484492117108
3.3170626775425638
1.1634522720219347
-8.3458335641388270
7.3290371330677981
-4.9050949716562036
-6.8230711087428837
-3.6027506729675611
7.2472962420453149
-0.4358943377487070
2.2868669838079323
1.0113344981632399
3.1626685507716426
-7.7806902620457272
8.0425536578461578
-13.7002759539935024
=======
0.0548176124241376
-1.1287276583348365
0.5560720606886258
0.0149038248788527
0.0694959944051487
-0.6562792014341750
2.6477839869610449
-2.1834538631592602
2.0222441733605949
0.9256306768451340
0.7075228841149427
0.8924889951226648
1.5765110851038722
2.3455934255833757
-0.1909969599664424
-0.4771772161086017
-0.8620622968208118
-1.6830744555548116
-0.5282763681290709
0.5295831938163394
-1.0725024458730388
0.6796642042641602
-2.7637196706572404
0.9088484883546445
-0.5883873278267538
3.3948191359002475
-0.7566170756230409
-0.2561768445753467
-0.4422903367837387
-1.7410264240907691
0.1290750111752490
1.4013796347731318
1.1668921825322325
-0.6571597115201731
1.1568618548439942
0.6133987103430126
-5.2482278713229951
1.1681046498030514
-1.2713731022290993
-0.5522308610964706
-0.4767118304720889
-1.0560654987988032
-0.5115528952902865
-0.2530205336092207
1.0425504391047220
-1.4622883017211084
1.5263072251121299
1.8205872485042880
-0.9796145842903722
0.6290473545516458
>>>>>>> ComputeResultForCpp
*** *** *** *** *** *** ***
3.5058838175673692
-4.9336662738823538
-1.5417379178548363
-7.8787768103764373
-6.2195699333108836
-4.2783420662551803
-3.5378252012017102
5.5432850566478393
1.9591712920737283
2.9890420642483315
-6.1520131193950593
-2.0001073892124990
-4.1884533654375184
-0.9742715682006475
-0.5141117634858395
-2.7162438096921901
-6.0453578987722913
2.0003122468243131
12.6045314356040485
6.3647841098068882
3.0370217651982294
1.1354670715393997
-4.8786253280374794
-3.7518196242991437
6.5984830815002118
2.4488643757947512
2.6321454561290034
2.5442657575142373
-1.1041827608733144
-6.6041825066585549
2.9621107702895002
2.0693027604729011
8.5576563039619948
3.6307238594017925
3.5469760281657869
7.6520914750271620
3.6410641435064139
-5.6814201854301061
4.3388226405380559
0.0023893578277716
-9.0433070074957627
-4.4540474215782249
0.4822912097720968
-8.0592107324186752
-1.3271768824321688
3.8790677720364224
-4.4193951216549072
4.5031510701393804
-0.5911590365589967
-8.6679019079927961
*** *** *** *** *** *** ***
<<<<<<< HEAD
0.1764982058046569
-1.6133506863595599
0.7752408284690663
-1.1130067900111176
1.4372456262854467
4.5680642641152538
-2.1644352377682230
-3.7110416356695195
0.3219175073064974
3.3672584139441510
1.2820230875959227
-4.1218597088974791
1.5428920789273277
2.9414816619436190
-0.9679591249647856
-8.4703023856517827
-3.2707170117555955
1.9497664910174590
3.3908412383167055
3.4912560732231848
>>>>>>> 24546d1ca296a8ed7089f6ee3df53b720e8e2372
=======
4.6002646817911925
2.9021605217456528
-7.7751082810237762
0.4694418410127881
-3.8466786052534281
-13.6667896749417910
-4.5361165191618449
5.1460526567800615
0.7320507108341371
-1.4808172862760245
0.1739382890775404
1.7325347460018266
2.9292571069030364
2.5156273982228554
3.5836091703890891
2.1364288877610282
-8.9920326740667829
2.5379616551765301
-3.2964996255120469
-3.2807226048326639
-1.5778807288989625
7.5508205156499688
-0.4776080202978483
16.2079688554622265
-1.4768843600256536
8.4513839242486348
-0.3997004758924376
-1.9077777058897796
-2.9819245664178347
0.6177265290807881
-2.5335097211206414
2.3273576785334988
-7.4584372202874674
5.2357964134603412
-2.6443853810202809
1.2945275098585687
-2.6616424766126134
-6.0910271583293492
0.8763777658546512
-0.1467672488679467
0.1829099637825577
4.0683073129778409
-1.6638967484722207
-0.8689307890929051
6.9349941772360282
-0.0592459053001620
-7.5527854060000399
-3.6049821834002143
2.2450856292596240
2.0275206952890978
>>>>>>> ComputeResultForCpp
*** *** *** *** *** *** ***
