506,5482349480800000 233,3969392566700000 400,7272850529100000 399,7684434576300000 905,1508378081170000 453,3139976221970000 417,6478577277470000 534,2658486517030000 397,2645433096080000 341,1459028433900000 
903,0452842690570000 258,1487054183810000 424,8675631981190000 509,7898486709500000 1 147,7510664682500000 521,8925793650790000 603,4644636558330000 643,1546130952380000 554,3668482825230000 377,1965913433270000 
245,9592741402120000 143,2268022486770000 243,9077160493830000 202,4386593757870000 540,8753086419750000 284,4856779100530000 312,9644150368480000 342,7415709049820000 263,6040773022170000 183,2743507495590000 
407,7946072688330000 231,9032416505700000 369,3538997508470000 382,8407026329050000 833,3898795351470000 425,0096341647770000 443,6299436780890000 576,9959712774000000 395,6837213403880000 378,5750044091710000 
252,8235580225920000 134,3007503989250000 226,3160834803060000 230,9935430839000000 450,7778367504410000 262,2647222222220000 309,9529300516500000 303,0890878527340000 255,0258906525570000 229,1203883219950000 
721,1042665203940000 203,5357643263070000 344,2407598471490000 409,6472020135210000 897,3480498603760000 405,4673765432100000 490,2981229528850000 469,9510756540270000 419,2787138517960000 264,0004776951930000 
339,8206551030910000 150,0054529373480000 264,5534795183510000 270,7610284703980000 527,4848416154010000 312,1474891870330000 407,7386087415570000 317,3148486906340000 307,9839778684110000 241,6789406091650000 
533,4621896258500000 275,2867795729400000 445,0438198118750000 400,6390109284450000 959,0815503747800000 497,3932903439150000 647,0611886652810000 640,9793264991180000 515,1886621315190000 341,2206786974050000 
960,4131149953810000 307,9474843579410000 514,7086259343240000 611,0187970836480000 1 086,3302206160200000 582,4373544973540000 890,9938221214410000 594,3083898652050000 651,5221896333490000 430,0087486877470000 
238,3657979112430000 131,8140653432150000 211,5797392290250000 199,8252182089770000 481,5829642620940000 244,8972214348700000 266,1629190962100000 315,0582158866630000 227,0052854938270000 191,8480144557820000 
*** *** *** *** *** ***
369,6636281179140000 253,3413293650790000 278,5581772689230000 471,5069134002810000 597,4490720944460000 898,0002324263040000 599,5685818216180000 386,5518653155710000 561,2694655004860000 220,7044197778320000 
577,9792926429830000 403,7558744855970000 453,1461250059990000 621,2085753878270000 977,8492824161560000 1 619,1869179894200000 1 081,3920779793400000 546,3977100655080000 848,7360185185190000 302,7562847184730000 
596,6242142227260000 369,1287839086250000 474,9904711514240000 685,8301154782900000 710,2789678865370000 1 089,8070974156900000 936,3060040312420000 639,2837434912240000 716,5366055681530000 365,0280741370620000 
374,1362522045860000 225,6904818594100000 267,9079988924580000 494,6774502393550000 593,9545667464520000 927,0301064499870000 608,1941877677000000 359,1432934670780000 617,7086799781640000 208,3828602310270000 
713,5329861111110000 452,5327762818090000 508,2530361079620000 816,8660997732430000 932,6440914483080000 1 472,8260213529900000 1 098,1937071680500000 756,3198120590830000 849,2670797115140000 394,3184430639540000 
203,4325341710760000 140,4568368396740000 167,0466270628620000 233,3974248341310000 309,4497522137710000 489,1877160493830000 336,1945890022680000 215,8039464574410000 288,7192272927690000 116,3993506314560000 
371,5116380070550000 247,8526594650210000 340,6496037519950000 402,4484035651300000 461,6195585667390000 692,2913965734440000 531,7779732510290000 370,9345017636680000 427,2430641219450000 225,6404053287980000 
302,4354608371130000 205,3194460191480000 244,7034420919490000 329,1204564391890000 445,0932375444670000 719,6476166383220000 514,5860652084910000 295,5684638566070000 402,1160302883060000 171,8072005222390000 
162,3577688019650000 113,7545377081610000 136,1198128858020000 191,0012713109940000 233,9157383786850000 340,5019083724760000 244,4047565132760000 173,9026398993240000 208,2032787960860000 95,6476959675331000 
257,6275000000000000 174,9008296170320000 204,5867795729400000 291,5627015621060000 384,6624616362750000 622,0681703514740000 415,7679094230280000 250,1163974316580000 355,8646795477450000 147,7243741995250000 
*** *** *** *** *** ***
870,4674429957170000 1 266,6279355631100000 431,3565897791220000 723,2674414210130000 874,0264474678760000 904,3832982174350000 543,8024419459140000 630,1400576656590000 598,7899115016380000 431,4006398547070000 
842,4013684177370000 651,4423059964730000 357,6973733938020000 620,5337880291000000 693,6892820399760000 466,8702968841860000 459,2085984084990000 559,1578069885360000 487,2231224279840000 340,3435452884860000 
629,7468687011840000 462,9674704218110000 262,4904286344170000 504,8934730489420000 489,1853119488540000 347,0934739019060000 337,7587738567650000 390,9475647597000000 337,3886831275720000 255,5771400226760000 
426,6947956034270000 404,3140093537410000 185,4010865807230000 343,1354849694510000 354,0275886820780000 294,9841156987490000 236,9300244429050000 265,8325122302010000 236,4121515967500000 180,2782166827640000 
735,4366024187450000 683,7626984126980000 325,1608856135050000 596,1796957671960000 644,3165601116990000 501,6716398442090000 408,7772108843540000 483,3102810846560000 413,3738205467370000 313,9985953640720000 
559,2010442386830000 451,6272949735450000 237,7692381582260000 433,1657892416230000 458,9533763227510000 339,6756500377930000 306,9344642157270000 368,0762843547910000 311,7287986233590000 236,2275477660200000 
508,6847867850840000 427,7739315633660000 217,4893965734440000 396,5421768707480000 414,1984071869490000 314,9148807555430000 284,6168279613430000 326,5053728111620000 283,6454601284960000 206,9099875598390000 
928,6753772203330000 947,0736985596710000 404,1324449798440000 715,7445221560850000 795,8609361221340000 707,7822305419080000 523,7546264539770000 606,6101125992060000 548,5289383083480000 429,1792771321490000 
1 061,4778911564600000 999,9177607709750000 456,6212069430950000 879,0152477796670000 864,4126677059710000 722,3252598261530000 571,3937644722790000 599,3993849993700000 559,1786953052830000 450,6862011841770000 
577,8085311948850000 488,8031712962960000 255,3808450806250000 474,6909854497350000 498,1528531929750000 363,8966597117240000 327,4124816022090000 389,7205843805110000 324,4871018885950000 238,1545419973540000 
*** *** *** *** *** ***
