1119,114 1681,48 1104,66 948,4783 1348,123 1423,889 1642,302 2983,259 1270,747 1881,631 1510,451 1086,471 1325,854 1089,636 1394,777 649,7919 1636,297 1328,036 1419,828 1689,767 
1337,379 1998,386 1544,485 1233,043 1602,269 1858,827 1913,384 3336,423 1473,952 2144,105 1941,088 1439,65 1528,583 1693,149 1699,855 889,1702 2066,735 1584,279 1666,496 1892,119 
1374,553 1747,474 1406,089 1187,237 1507,936 1776,417 1828,204 3161,987 1647,003 1874,29 1744,193 1262,28 1460,132 1342,339 1643,321 786,1556 1933,212 1559,865 1661,371 1861,992 
984,5667 1440,9 1108,099 865,114 1176,84 1309,144 1395,458 2496,63 1041,697 1555,707 1316,292 1036,555 1132,41 999,4224 1191,73 603,3966 1420,642 1108,778 1157,111 1339,3 
951,5132 1275,521 986,2053 861,8101 1081,355 1284,247 1353,326 2221,319 1130 1393,954 1338,44 919,1431 1040,489 1086,08 1137,476 561,3124 1310,879 1115,448 1208,031 1314,375 
886,2319 1287,719 921,9529 864,0789 1000,655 1230,859 1264,01 2136,071 990,6875 1411,441 1253,067 874,0037 992,278 863,4167 1006,459 535,4417 1275,164 1066,484 1112,74 1313,182 
1092,068 1631,687 1083,703 1050,679 1417,619 1366,935 1702,067 2609,379 1384,659 1867,237 1562,69 1076,317 1340,384 1415,37 1548,422 685,251 1516,198 1259,134 1345,811 1631,952 
1261,095 1696,198 1272,692 1130,414 1383,096 1638,568 1699,974 2997,727 1466,855 1861,15 1552,408 1154,551 1386,612 1118,626 1510,057 740,5309 1837,694 1401,199 1493,113 1865,017 
1314,197 1816,172 1415,228 1093,118 1579,726 1786,048 1760,926 3316,616 1453,781 1926,565 1781,871 1298,635 1466,402 1464,829 1588,039 765,5811 1913,304 1547,738 1671,195 1766,983 
848,7391 1178,586 867,4001 753,9312 999,7147 1129,812 1179,846 2066,961 963,1555 1315,634 1165,815 811,7122 964,2532 829,2332 1017,384 482,6854 1158,878 993,9157 1029,522 1154,133 
1285,667 1784,293 1194,672 1079,592 1430,814 1557,186 1999,451 2877,058 1448,891 2022,644 1608,994 1161,22 1410,588 1191,296 1507,643 691,2784 1590,071 1397,34 1489,38 1671,353 
923,6296 1345,47 1049,728 898,7615 1144,832 1258,818 1307,457 2429,452 1081,424 1440,912 1352,61 996,0846 1095,459 987,524 1186,571 587,9077 1379,928 1114,427 1154,522 1338,836 
1270,345 1915,957 1262,934 1226,516 1551,025 1689,192 1837,127 2976,318 1540,511 2268,561 1868,239 1235,158 1542,951 1304,982 1603,591 769,1732 1862,904 1617,211 1573,242 1937,075 
946,283 1340,385 959,4779 855,3458 1089,99 1208,527 1464,214 2254,825 1058,607 1468,213 1266,379 934,6975 1080,532 920,9966 1139,562 551,298 1208,235 1020,111 1069,064 1256,167 
722,2602 1015,164 794,6888 606,1047 869,3267 952,5784 974,4951 1915,293 805,8438 1090,724 942,7903 717,8976 818,1019 777,3018 921,7289 435,2653 1075,059 817,5786 899,219 1029,722 
854,0628 1214,779 890,8113 791,6195 921,1002 1154,957 1248,586 2099,196 901,5846 1330,439 1150,603 845,2646 946,6956 779,5767 946,0947 516,0734 1153,656 920,6322 967,2437 1246,97 
591,4813 808,7875 584,8345 551,1492 631,9764 826,9688 859,9142 1379,538 638,7307 920,7263 821,5344 572,7928 660,8578 570,9174 642,2971 342,4962 798,4963 657,8544 719,4695 806,4453 
801,6514 1165,26 808,9909 773,1337 960,1722 1105,989 1203,005 1995,277 905,8762 1285,087 1187,793 820,1934 954,2574 921,2311 993,0335 500,1658 1126,018 913,2547 959,5242 1142,097 
1092,269 1545,033 1080,016 928,1437 1314,416 1358,405 1710,442 2712,777 1258,051 1721,919 1571,187 1080,266 1299,929 1040,129 1345,041 611,665 1284,816 1193,676 1210,421 1438,432 
1032,056 1512,451 1148,659 940,6451 1224,009 1372,16 1548,991 2753,751 1128,942 1626,188 1442,132 1088,441 1204,31 1038,939 1276,884 634,5789 1417,992 1164,238 1186,707 1412,147 
*** *** *** *** *** ***
1233,125 1408,465 983,2234 1027,981 1154,563 1320,728 890,4163 612,7774 933,1688 1264,091 1396,508 1049,727 829,3708 961,8473 1942,932 1488,339 1546,555 1014,309 1543,058 2320,521 
1206,557 1354,959 919,8394 988,1843 1069,913 1433,625 812,7864 600,3859 856,1995 1214,379 1396,492 979,3912 789,2434 818,486 1652,918 1340,207 1445,58 974,448 1523,949 2044,244 
1569,356 1847,733 1164,846 1413,271 1493,677 1844,142 1141,313 829,8278 1192,82 1497,732 1952,902 1505,597 1067,699 1063,901 2332,752 1705,311 1911,815 1318,681 2022,306 2973,836 
1378,855 1477,903 1093,661 1118,155 1274,944 1527,441 950,1158 650,7649 999,416 1520,105 1670,369 1173,865 965,9823 977,7845 1996,932 1458,426 1632,352 1128,351 1847,123 2549,156 
2120,1 2254,448 1649,151 1671,978 2051,54 2565,134 1528,464 1026,189 1652,743 2038,677 2240,019 2022,929 1542,31 1551,229 3356,483 2364,206 2576,352 1762,874 2600,911 3455,96 
2453,804 2846,912 1786,134 1755,208 2299,811 2532,754 1647,115 1158,686 1640,984 2095,293 2760,471 2134,198 1572,758 1790,538 3139,673 2564,295 2859,107 1920,356 2910,788 4234,06 
1645,895 1690,477 1228,928 1176,683 1368,582 1736,628 1034,619 752,8449 1156,814 1502,806 1701,167 1306,616 1069,475 1088,688 2120,163 1719,25 1901,283 1202,543 1908,63 2509,429 
1497,511 1750,541 1208,605 1118,201 1429,705 1626,58 1057,93 654,0391 1089,367 1533,236 1562,629 1315,335 1103,626 1146,941 2362,571 1671,44 1889,568 1264,463 1643,275 2593,906 
1924,904 2245,761 1441,253 1602,956 1693,111 2040,825 1380,856 956,6899 1408,533 1837,295 2282,51 1702,66 1319,003 1395,537 2717,871 2193,008 2342,665 1529,17 2251,375 3343,475 
2440,504 2732,491 1804,454 1975,424 2081,683 2929,548 1640,647 1163,72 1823,766 2153,493 2944,307 1860,776 1569,927 1525,881 2975,009 2478,253 2894,632 1849,088 2741,061 4252,982 
2004,416 2368,879 1554,779 1781,31 1927,672 2267,487 1468,115 1032,121 1560,585 2063,102 2437,806 1860,66 1393,168 1542,579 2949,341 2420,611 2509,342 1769,07 2587,81 3642,313 
1121,377 1284,763 823,4424 875,9578 1047,429 1278,439 797,0516 531,1303 802,5169 1110,173 1279,404 937,9872 748,1871 808,4365 1485,339 1286,998 1434,47 961,9026 1341,542 1806,133 
1225,784 1343,999 1014,721 1039,413 1303,551 1523,285 983,046 634,77 991,0867 1338,63 1396,818 1201,181 885,8122 1084,205 2055,211 1588,309 1623,681 1119,596 1761,832 2156,755 
1322,693 1389,35 1018,817 1058,809 1198,678 1425,091 884,1394 620,6423 965,3665 1393,715 1631,122 1056,212 908,6696 908,5851 1856,207 1355,361 1515,187 1051,239 1770,207 2480,267 
1879,055 2014,695 1457,696 1369,949 1680,682 2015,982 1300,076 825,4584 1317,422 1935,625 1989,747 1570,057 1281,126 1396,036 2501,31 2110,409 2368,419 1503,6 2137,532 2962,845 
1914,868 2027,404 1383,3 1491,423 1704,456 1955,241 1327,988 915,201 1365,214 1906,98 2110,269 1674,87 1262,446 1362,782 2607,315 2223,99 2343,97 1532,504 2271,327 3108,855 
1136,183 1302,729 888,2291 927,5873 1036,688 1331,03 775,8661 548,9241 809,4756 1157,727 1449,624 903,505 790,9998 827,6858 1472,186 1176,12 1338,813 935,0615 1496,582 2028,263 
2053,574 2269,844 1500,457 1634,625 1783,037 2731,541 1337,075 1019,716 1415,22 1736,349 2459,446 1560,976 1277,325 1303,381 2347,375 1993,848 2289,611 1535,833 2453,427 3441,111 
2021,365 2304,118 1610,742 1636,787 1818,534 2425,961 1381,41 986,8829 1487,484 2057,489 2251,486 1689,061 1376,527 1456,302 2834,906 2314,292 2464,238 1661,229 2475,448 3247,621 
960,7041 1105,245 769,3181 791,9901 973,0872 1299,415 705,5654 479,969 763,4516 926,1448 1094,245 883,0261 674,8394 703,3052 1396,874 1062,509 1229,469 854,0691 1253,392 1582,944 
*** *** *** *** *** ***
1500,19 1947,477 1741,217 1615,479 1917,727 1862,546 2221,428 1774,353 1691,781 1437,381 1824,991 1399,112 1433,777 1411,052 1273,524 1758,535 1836,295 1599,956 1543,556 2901,74 
1030,144 1166,639 1232,8 1117,247 1214,15 1259,141 1438,256 1222,479 1059,305 879,8456 1243,755 949,8984 939,2368 976,2349 785,0281 1181,61 1257,97 1042,628 1009,914 1919,165 
1260,471 1547,176 1487,653 1421,529 1544,089 1693,953 1797,31 1533,929 1322,727 1196,89 1506,392 1169,433 1135,547 1253,014 991,5301 1456,579 1550,311 1312,683 1234,023 2411,926 
2112,143 2383,418 2060,577 2071,425 2454,735 2768,617 2815,215 2429,777 1980,993 1928,112 2489,845 1849,308 1698,089 1805,525 1489,308 2087,421 2548,781 2364,139 1733,363 3604,842 
1041,839 1282,18 1309,08 1315,847 1283,487 1407,729 1528,245 1325,858 1102,964 996,5071 1399,082 1056,706 922,786 1131,57 825,1947 1222,787 1314,485 1080,899 1011,802 2105,621 
1734,722 2339,284 2565,552 2313,305 2217,112 2385,254 2673,754 2416,606 1983,449 1794,794 2474,77 1822,939 1619,23 2071,483 1486,19 2180,616 2282,265 1930,244 1825,52 3682,779 
1005,092 1166,198 1346,897 1277,047 1246,347 1330,171 1449,028 1141,722 1036,276 899,6396 1294,133 948,2971 881,2302 1087,534 773,0933 1112,837 1244,37 1150,271 947,2521 1827,581 
1169,142 1493,359 1434,071 1265,009 1254,213 1414,089 1730,761 1444,063 1158,697 1153,224 1670,138 1058,387 1002,93 1159,855 887,3096 1280,778 1441,392 1292,96 1110,138 2299,03 
1401,671 1675,305 1598,878 1485,421 1619,257 1727,193 1890,988 1617,345 1370,164 1281,786 1672,199 1195,026 1241,865 1290,903 1038,561 1488,698 1722,225 1568,283 1292,512 2465,391 
785,3699 970,6924 927,5603 899,2294 896,7557 974,4656 1197,36 922,4552 758,08 766,2216 1073,398 727,6326 646,3205 771,2044 580,0271 816,009 971,8449 853,4752 693,9601 1454,651 
801,0689 1000,877 958,4452 912,7725 974,2598 1017,798 1128,258 948,2451 828,9689 790,8182 996,753 745,4339 730,2996 821,1221 630,1479 880,0646 1042,61 832,8821 757,7849 1537,908 
1488,626 1759,131 1712,014 1587,021 1727,151 1893,875 2012,381 1793,275 1548,999 1324,717 1716,221 1383,861 1318,44 1419,652 1098,528 1703,018 1643,941 1479,105 1362,707 2736,524 
1005,35 1298,175 1220,651 1114,981 1189,468 1218,127 1495,799 1202,955 1049,924 975,412 1319,71 912,4198 927,6329 952,01 837,6453 1101,899 1283,003 1144,882 991,3812 1883,159 
672,139 790,058 834,8882 743,5372 812,6763 790,3812 943,5792 752,6212 727,5394 593,662 894,7714 611,1089 636,463 651,1631 546,208 726,9831 847,8895 782,0373 663,2877 1234,023 
1638,223 2251,923 2331,259 2187,222 2284,553 2197,726 2752,89 2302,855 1914,687 1705,567 2313,899 1864,719 1605,017 1866,091 1449,6 2005,345 2187,6 1889,922 1787,785 3487,508 
1259,126 1597,422 1553,047 1556,117 1603 1713,239 1728,997 1533,453 1307,24 1260,79 1554,435 1260,263 1105,225 1364,835 950,8628 1382,563 1603,898 1417,073 1133,214 2423,212 
1047,828 1612,388 1387,216 1365,485 1337,054 1504,796 1740,756 1454,595 1103,592 1181,007 1370,362 1051,335 995,2725 1082,058 959,4665 1296,558 1379,354 1245,313 1157,124 2211,622 
801,2206 1113,187 1128,721 1027,838 1069,78 1084,442 1306,188 1105,39 899,7404 848,2725 1066,132 836,0662 765,6125 902,1154 740,1789 967,9796 1098,52 937,1216 859,7773 1631,279 
1114,086 1462,13 1287,079 1246,947 1320,363 1450,597 1649,526 1406,229 1112,85 1113,009 1444,72 1047,07 1008,293 1042,496 871,1802 1246,178 1411,257 1246,696 1099,693 2189,277 
864,121 1019,574 1118,218 1055,098 1073,643 1140,08 1320,961 1038,557 884,1766 783,0446 1075,442 831,1187 770,1436 904,614 666,7387 989,0204 1064,975 908,1606 866,9263 1638,195 
*** *** *** *** *** ***
