1119,1138547943 1681,47966319051 1104,6602999811 948,478245819161 1348,12292828011 1423,88873462976 1642,30193961067 2983,25906982237 1270,74734808044 1881,63072798564 1510,45070601852 1086,47092779195 1325,85364541341 1089,63574016147 1394,77739779121 649,791838821177 1636,29676910116 1328,03604497355 1419,8275168887 1689,76728414746 
1337,37928846127 1998,38549260864 1544,48495466602 1233,04330177364 1602,26884648436 1858,82648721165 1913,38367528311 3336,42295005414 1473,95147226946 2144,10469514731 1941,08824810248 1439,65023490646 1528,5831693954 1693,14862410242 1699,85535475456 889,170288288927 2066,73481330385 1584,27845168171 1666,49611115891 1892,11930302291 
1374,55304259049 1747,47389014865 1406,08938069143 1187,23673469388 1507,93546399777 1776,41729059062 1828,20413753464 3161,98666405716 1647,00287829638 1874,28996139351 1744,19265909759 1262,27968147676 1460,13214180734 1342,33865452045 1643,32097011512 786,155567068391 1933,21213766062 1559,86442903859 1661,37037745654 1861,99155843201 
984,56674739124 1440,90010683841 1108,09925836693 865,113845039945 1176,83981501953 1309,14429584488 1395,45804417832 2496,63029049351 1041,69654360355 1555,70664401717 1316,29194021899 1036,55444470165 1132,4103534773 999,422415910809 1191,72995490398 603,396587968212 1420,64250884459 1108,77807585349 1157,11076412509 1339,29995897896 
951,513270471151 1275,52069124705 986,205398683548 861,810035115898 1081,35506156043 1284,2466157025 1353,32550175692 2221,31933673469 1129,99978945158 1393,95412815991 1338,43965687201 919,143066641471 1040,48855228467 1086,07962773998 1137,47595782793 561,312431857311 1310,87935261671 1115,44827184339 1208,03115681802 1314,37546582892 
886,231955976526 1287,71934231396 921,952954984463 864,078864923207 1000,65480106765 1230,85879311408 1264,01008803907 2136,0709655691 990,687526720101 1411,44129911327 1253,06682784943 874,003720017637 992,277954022581 863,416715899786 1006,45913847422 535,441701789126 1275,16448684335 1066,48383347506 1112,74027958081 1313,18176496756 
1092,06837080754 1631,68705907727 1083,70263310185 1050,67890461624 1417,61890726793 1366,93476111741 1702,06700030707 2609,37926022095 1384,6590436298 1867,23760706862 1562,69014817964 1076,31744437358 1340,38426531812 1415,36991841534 1548,42162889627 685,251016235198 1516,19803352095 1259,13348645642 1345,81120354811 1631,95243614388 
1261,09522045855 1696,1980666769 1272,69170306332 1130,41433168664 1383,09573035557 1638,56821087511 1699,97417235247 2997,72756255511 1466,85515146465 1861,14989191757 1552,40783992609 1154,55112256446 1386,61196633283 1118,6261071706 1510,05696631783 740,530871441169 1837,69409964727 1401,19868260267 1493,11315358088 1865,0173083979 
1314,19684209219 1816,17170187255 1415,22749970793 1093,11795751449 1579,7255834998 1786,04762704299 1760,92586041824 3316,61563299725 1453,78052911628 1926,56472309181 1781,87106591711 1298,63524076436 1466,40205241665 1464,82918301734 1588,03880730348 765,581108644075 1913,30376217246 1547,73787399744 1671,1948093624 1766,98302845753 
848,73903744646 1178,58629557062 867,400186388959 753,931139492525 999,714686673281 1129,81221182087 1179,84604341852 2066,96052440266 963,155448685647 1315,63395395041 1165,81533179012 811,712160493827 964,25335268907 829,233231804296 1017,38357202696 482,685422537688 1158,87827875147 993,915726851852 1029,52154893393 1154,13313913297 
1285,66675905455 1784,29328345459 1194,67189613253 1079,59192965404 1430,81414583858 1557,1863276329 1999,4512794076 2877,05792859505 1448,89119090661 2022,64410386747 1608,99420965608 1161,2195493276 1410,58767106534 1191,29595310532 1507,64326161082 691,278415900311 1590,07105988599 1397,34039049509 1489,37934460821 1671,35324751197 
923,629647633745 1345,47001018309 1049,72828556294 898,761434849248 1144,83178815508 1258,81847379036 1307,4574685256 2429,45144916068 1081,4242196712 1440,91200197363 1352,61025925926 996,084548935675 1095,45904706265 987,524095288835 1186,57084506488 587,907664084152 1379,92818011989 1114,42708532796 1154,52223991796 1338,8353759527 
1270,34515710821 1915,95685550741 1262,93403437654 1226,51557284805 1551,02460358853 1689,19157244688 1837,1269410982 2976,31808881555 1540,51089644747 2268,56103641015 1868,23867583144 1235,15845152011 1542,95137917322 1304,98214613215 1603,5911478737 769,173164099899 1862,9042699635 1617,21132799284 1573,24219866465 1937,07505729167 
946,282906952993 1340,38481244151 959,477907965303 855,345673658352 1089,99028738347 1208,52689507373 1464,21351981765 2254,8252406935 1058,60651106492 1468,21282256386 1266,37959364764 934,697459325397 1080,53205409633 920,99660271119 1139,56207479844 551,298039761275 1208,23485654447 1020,11098568594 1069,06377108866 1256,16704997435 
722,260162572436 1015,16403176703 794,688775232881 606,104735979886 869,326601962081 952,578348343324 974,495066039147 1915,29302009847 805,843840120307 1090,72415702423 942,790325884984 717,897559699651 818,101974547535 777,301663262682 921,728916194255 435,265311019778 1075,05860406694 817,578579010771 899,218955624842 1029,72200133456 
854,062737071681 1214,77853477734 890,811311312223 791,619566798942 921,100097845355 1154,9572505319 1248,58583255723 2099,19585549167 901,584532130459 1330,4394723467 1150,6026709866 845,264481423742 946,695565573672 779,576680445326 946,094726946334 516,073430942483 1153,65568888799 920,632207172552 967,243753897392 1246,9703066736 
591,481223702444 808,787428698405 584,834562438512 551,149148122653 631,976392353238 826,968801634043 859,914149281185 1379,53820987654 638,730709701576 920,726179993161 821,534375367431 572,792758185836 660,857920603427 570,917333013893 642,297174553684 342,49613308348 798,496261731545 657,854420272739 719,469377653376 806,445356560217 
801,651355883844 1165,26024962994 808,990819747137 773,133557980787 960,172274502393 1105,98909171076 1203,00514663118 1995,27742646133 905,876209950029 1285,08670651792 1187,79306752331 820,193436992595 954,257525772655 921,231004819844 993,033421816698 500,165830672084 1126,01816536491 913,254790800579 959,52424444242 1142,09690635273 
1092,26921890747 1545,03268199547 1080,01605925086 928,14371521479 1314,41599473786 1358,40500009654 1710,44223692602 2712,77724505543 1258,05083643025 1721,91900242504 1571,18668843695 1080,26647021185 1299,92951064325 1040,12881924761 1345,04146104082 611,665060731083 1284,81568727542 1193,67570995753 1210,42076464812 1438,43153067786 
1032,0561845763 1512,45044662541 1148,6586095714 940,645131442789 1224,00906659423 1372,15972628771 1548,99054973477 2753,75111519222 1128,94187748803 1626,18756821093 1442,13157121336 1088,44112916072 1204,30973467988 1038,93934339969 1276,88398055616 634,578901250315 1417,99184647161 1164,23811473818 1186,70656718474 1412,14657438901 
*** *** *** *** *** ***
1233,12524152959 1408,46511287815 983,223422802763 1027,98097327202 1154,56297420241 1320,72775420971 890,41625207336 612,777430461823 933,168873653628 1264,09119082019 1396,50790361724 1049,72669640233 829,370948970968 961,847250967131 1942,93211963026 1488,33858977387 1546,55525382353 1014,30864396618 1543,05819609788 2320,52140243134 
1206,55645577444 1354,95928522219 919,839463760813 988,184315978346 1069,91305681532 1433,62465656757 812,786382336371 600,385902699043 856,199590769873 1214,37909795708 1396,49187876617 979,391228347821 789,243455792811 818,485995232584 1652,91792200754 1340,20743836346 1445,57974970081 974,447921705719 1523,94886739418 2044,24382999496 
1569,35649141961 1847,73294698847 1164,8455364579 1413,2710404384 1493,67653329362 1844,14155783713 1141,3134888091 829,827799498194 1192,81991698123 1497,73193083288 1952,90236218716 1505,59709527221 1067,69882618943 1063,90076709079 2332,75230487231 1705,31101398862 1911,81513887139 1318,68076572604 2022,305530586 2973,83589503548 
1378,85521122816 1477,9033150274 1093,66106384375 1118,15520649093 1274,94400817796 1527,44118474427 950,115591644271 650,764859980699 999,416035417716 1520,10515449158 1670,36913031631 1173,86547390716 965,982281129273 977,784597663139 1996,93216763248 1458,42543822086 1632,3522441631 1128,35137152515 1847,12312103437 2549,15576152683 
2120,09994166297 2254,44743870277 1649,15133398421 1671,97812216903 2051,53993147938 2565,13424775267 1528,46403167255 1026,18891302685 1652,7428816295 2038,6774685934 2240,01865121357 2022,92850193689 1542,31023841018 1551,22883464034 3356,48256582263 2364,20588807004 2576,3514558588 1762,87386344992 2600,91070458554 3455,95979111027 
2453,80405556755 2846,9115723554 1786,1339813765 1755,20741286638 2299,81084934282 2532,75419085675 1647,11489790669 1158,68564717783 1640,9838821964 2095,29367138815 2760,4716366948 2134,19853986888 1572,75781096129 1790,53776066599 3139,67349619709 2564,29518838708 2859,10763157026 1920,35562827688 2910,7880188912 4234,06011251541 
1645,89565998467 1690,47744461541 1228,92822822184 1176,68322619922 1368,58216141503 1736,62863518965 1034,61883107976 752,84492667391 1156,81390869866 1502,80558987435 1701,16656522949 1306,61599206349 1069,47523200638 1088,6877687626 2120,16306264172 1719,24969194067 1901,28283512137 1202,54256269515 1908,63035419816 2509,42935384273 
1497,51125909654 1750,54073996126 1208,60481743932 1118,20136316872 1429,70502842341 1626,57992406515 1057,93024577979 654,039150169018 1089,36727190413 1533,23582780537 1562,62932095766 1315,33531494079 1103,62617653481 1146,94121412299 2362,57077829743 1671,43946166121 1889,56732003758 1264,46279471897 1643,27531919249 2593,90560984347 
1924,90381078357 2245,76051486258 1441,25322998026 1602,95615226337 1693,11108842225 2040,8253977571 1380,85570350774 956,689929295793 1408,53323765695 1837,29531725036 2282,50938910672 1702,66015009553 1319,00264636873 1395,53658505107 2717,87145081412 2193,00812542867 2342,66462913097 1529,17022498583 2251,37456725823 3343,47453107941 
2440,50431689905 2732,49091321582 1804,4543124955 1975,42415249433 2081,68308735145 2929,54790518914 1640,64704785 1163,72038276554 1823,7659360434 2153,49293367347 2944,30687112229 1860,77653813146 1569,92735973325 1525,88105089837 2975,00908407344 2478,25327443941 2894,63205471309 1849,08829540265 2741,06058580299 4252,98161871693 
2004,41533837763 2368,87962413785 1554,77898006425 1781,3104122575 1927,6717623693 2267,48711902662 1468,1152741822 1032,12124290071 1560,58461937437 2063,10193372521 2437,80595261997 1860,65986433925 1393,16806585674 1542,57872895802 2949,34091566411 2420,61072161246 2509,34218135865 1769,06993913769 2587,80956148869 3642,31266502898 
1121,37724129339 1284,76270435983 823,442473807424 875,957809376837 1047,42855631666 1278,43908664846 797,051569281725 531,130284234064 802,516996803351 1110,17281982237 1279,40348481985 937,987173209562 748,187130578951 808,436463529856 1485,33911073468 1286,99817200491 1434,47020644369 961,902637809092 1341,54161034476 1806,13273189765 
1225,78430339909 1343,99864186377 1014,72089451933 1039,41349293833 1303,55090457557 1523,28466502679 983,04593526742 634,770065477315 991,08660830945 1338,62998072912 1396,81826402199 1201,18088107836 885,812149108718 1084,20531980269 2055,21047435332 1588,3093238265 1623,68121472051 1119,59554444471 1761,83164169886 2156,75503272891 
1322,69326227844 1389,3495768358 1018,8169975907 1058,80876947384 1198,67842576846 1425,09149341286 884,139388421727 620,642298381654 965,366531284118 1393,71532372164 1631,12188540242 1056,21173684335 908,669722488422 908,585205636653 1856,20689874366 1355,36102344734 1515,1867393555 1051,23871045169 1770,20714136992 2480,26727315996 
1879,05443791205 2014,694849415 1457,69604024943 1369,9486077255 1680,68245005039 2015,98221253779 1300,07545873226 825,458546559497 1317,42193109489 1935,62457028954 1989,74731104115 1570,05734256897 1281,12600762157 1396,03665782077 2501,31013373173 2110,4091937752 2368,41885589884 1503,60022508818 2137,53239614827 2962,8454165092 
1914,86788372911 2027,40406033478 1383,30007558579 1491,42284848199 1704,45575237387 1955,24159596246 1327,98852804548 915,201043770021 1365,21414448302 1906,97962941311 2110,26894345426 1674,87042688256 1262,44577718201 1362,78187899581 2607,31483279268 2223,98964924782 2343,96950979466 1532,50423650479 2271,32713396007 3108,855015314 
1136,18314068405 1302,72921100683 888,22907877569 927,587152025419 1036,68763356989 1331,02994773383 775,866049120265 548,924006676745 809,475623687747 1157,72677017721 1449,62416178508 903,505061476443 790,999757137158 827,685686675905 1472,18609140981 1176,11959923784 1338,81346709219 935,06164074704 1496,58189111447 2028,26326697531 
2053,57423426946 2269,84346759934 1500,45700249853 1634,62486801881 1783,03733411281 2731,54078413696 1337,07449248866 1019,71651774466 1415,22055903959 1736,34852160231 2459,44591775059 1560,97634663565 1277,3252409372 1303,38153828893 2347,37423237119 1993,8480666021 2289,61096977018 1535,83320642344 2453,42649126039 3441,11111694933 
2021,36557455698 2304,11755598073 1610,74212317334 1636,78723860964 1818,53416227587 2425,9608898757 1381,41025407848 986,882953042328 1487,48387237024 2057,48933140695 2251,48542125955 1689,06126157407 1376,52695352524 1456,30149250441 2834,9060122197 2314,29270160935 2464,23742352188 1661,2291521164 2475,44787301587 3247,62154785525 
960,704143929066 1105,24500063644 769,318070515243 791,990190128006 973,08714569161 1299,41526093594 705,56529792524 479,969017778408 763,451642389043 926,144852334011 1094,24473012636 883,026057361216 674,839422783517 703,30527918845 1396,87400802837 1062,50854859099 1229,46891591506 854,069097582154 1253,39228584551 1582,94372372869 
*** *** *** *** *** ***
1500,19020664665 1947,47701730075 1741,21720469052 1615,47959393634 1917,72671185192 1862,54613390133 2221,4285417454 1774,35232614269 1691,78061735894 1437,38083555542 1824,99119072114 1399,11173803225 1433,77736431301 1411,0519907145 1273,52357526035 1758,53478660137 1836,29506676745 1599,95597423559 1543,55609981961 2901,73913412841 
1030,14390203242 1166,6385760477 1232,80039905998 1117,24673983041 1214,14998967694 1259,14113632887 1438,25620506845 1222,47845700008 1059,30459874044 879,845669039221 1243,75476200974 949,898366087176 939,236631025867 976,234923364407 785,028069342964 1181,61002703242 1257,96989375997 1042,62763920383 1009,91415884564 1919,16524443905 
1260,47153855925 1547,17596306269 1487,65279523075 1421,5292709908 1544,08864459982 1693,95314179684 1797,31058079806 1533,92895038108 1322,72672471025 1196,88994660879 1506,39253254388 1169,43299052028 1135,54663498012 1253,01372291509 991,529975609585 1456,57953015208 1550,311339102 1312,68305418819 1234,0229672081 2411,92606386999 
2112,14339726631 2383,41791057031 2060,57739808516 2071,42543123268 2454,73529210758 2768,61726906966 2815,21471578168 2429,77680429579 1980,99310222978 1928,1117590493 2489,8451824452 1849,30834177375 1698,08890828399 1805,52506133472 1489,30775630931 2087,42079009459 2548,78065644684 2364,13955791761 1733,36328872197 3604,84172949735 
1041,83895056479 1282,18001827406 1309,0802324578 1315,84653679296 1283,48726120177 1407,72853839016 1528,24524411848 1325,85802921426 1102,96414617714 996,507093931091 1399,08179286119 1056,70629239103 922,7860839081 1131,57022144837 825,194787202756 1222,7865174241 1314,48451134874 1080,89868916844 1011,80216611552 2105,62057906589 
1734,72207353518 2339,28403184576 2565,55258869958 2313,30550838005 2217,11235689878 2385,25440106572 2673,75431597485 2416,60560276168 1983,44968526917 1794,7941710146 2474,76991891149 1822,93923231432 1619,22959974087 2071,48248688622 1486,19024371168 2180,61562183966 2282,26444263353 1930,24364760925 1825,51972461271 3682,77890810684 
1005,09225937211 1166,19729732185 1346,89669475639 1277,04758601633 1246,34676455201 1330,17071304845 1449,02783807582 1141,72217575096 1036,27551433768 899,639701686083 1294,13300617984 948,297057569427 881,230118995129 1087,53387479091 773,093222469176 1112,8366004613 1244,37062988158 1150,27057859872 947,252056392773 1827,58113084553 
1169,14158680468 1493,359140936 1434,07058955691 1265,00930888868 1254,21330855799 1414,08866264767 1730,76117278964 1444,06234186473 1158,69687769887 1153,22378420607 1670,13815127306 1058,38665608466 1002,93022673637 1159,85493282575 887,309564769323 1280,77796692597 1441,39164309335 1292,96003934135 1110,1378254082 2299,02919818699 
1401,67068074452 1675,30445273788 1598,87783960066 1485,42073932351 1619,25684489691 1727,1928265936 1890,98849159108 1617,34467270153 1370,16446644306 1281,78584588897 1672,19899155959 1195,0264244772 1241,86454919225 1290,90260393046 1038,56094015075 1488,69798569119 1722,22533966364 1568,28335784248 1292,51187559951 2465,39136799144 
785,369843346951 970,692454453563 927,560250535399 899,229358255648 896,755751387489 974,46567090262 1197,35994959635 922,45518319056 758,079941565361 766,221623546023 1073,3974914966 727,63259170026 646,320447789566 771,204421009475 580,02713308523 816,008969684324 971,844839734505 853,475129991812 693,960154425968 1454,65086758314 
801,068795456454 1000,87718930716 958,445122223272 912,772463821177 974,259890492462 1017,797871659 1128,257843771 948,245128612071 828,968900620434 790,8181747344 996,753024350172 745,433883303939 730,299435324284 821,122102518476 630,147985979886 880,064533572688 1042,61038344041 832,882132059173 757,784841042822 1537,9081692773 
1488,62595558285 1759,13131610257 1712,01351866812 1587,02099862476 1727,15135323497 1893,87462908898 2012,38142636684 1793,27498425296 1548,99914432337 1324,71658037289 1716,22123309818 1383,86071994415 1318,44022225634 1419,65197131939 1098,52815749489 1703,01808447106 1643,94125535399 1479,10510731607 1362,70764065649 2736,52441300942 
1005,34971907281 1298,17479492105 1220,65099418934 1114,98151012141 1189,46794913181 1218,12727737404 1495,79918232841 1202,95466692387 1049,92406722192 975,412086202794 1319,70993208214 912,41982755242 927,632900208823 952,009890770223 837,645337012891 1101,89871991878 1283,00239462606 1144,88172091959 991,381185089391 1883,15852147109 
672,138987645323 790,058017672678 834,88830335097 743,537253240141 812,676368347751 790,381218347701 943,579218159486 752,621203238791 727,539395921067 593,662081837365 894,771269443845 611,108917947426 636,462970442807 651,163159013606 546,207994156099 726,98300542748 847,889572906544 782,037289900749 663,287786241812 1234,02349009511 
1638,22270925716 2251,922351068 2331,25857304877 2187,22260784098 2284,55368436109 2197,72658234127 2752,88936452822 2302,85547697783 1914,68750063338 1705,56681751281 2313,89857494541 1864,71860964139 1605,01732444675 1866,09099518665 1449,60003602573 2005,34518228511 2187,59958475057 1889,92178650164 1787,78496352723 3487,50781373614 
1259,12610868719 1597,42193289662 1553,04678585863 1556,11725245654 1603,00045690785 1713,23942409702 1728,99712173643 1533,45301164756 1307,24015105067 1260,79026985177 1554,43468505921 1260,26280257936 1105,22527367043 1364,83512997213 950,862820669714 1382,56310154347 1603,8978252551 1417,0732910919 1133,21401031825 2423,2123098545 
1047,82855578651 1612,38797010162 1387,21628513689 1365,48546550873 1337,05417041971 1504,7960069227 1740,75624225246 1454,59515059244 1103,59201376141 1181,00681761254 1370,36223894208 1051,33545269939 995,272566465005 1082,05808183561 959,466444790879 1296,55787181385 1379,35384352167 1245,31250136474 1157,12430444651 2211,62171843506 
801,220585964839 1113,18705377614 1128,7211159682 1027,83805172378 1069,77975794176 1084,44228706503 1306,18847316967 1105,38975326139 899,740458157491 848,272472944836 1066,1322574501 836,066149029982 765,612473649954 902,115326029331 740,178910952241 967,979501704617 1098,52046748236 937,121516849332 859,777295040032 1631,27927362318 
1114,08577247477 1462,12981506227 1287,07880175527 1246,94710976586 1320,36289769148 1450,59723766482 1649,52555846876 1406,22916551938 1112,84977059188 1113,00876044554 1444,71948468188 1047,06976776266 1008,29335270219 1042,49597694633 871,180232237339 1246,17798044218 1411,25700313591 1246,69625988689 1099,69251347684 2189,2776590226 
864,120847085748 1019,57439617352 1118,21821502058 1055,09794255086 1073,64305749582 1140,07997057272 1320,96123143162 1038,55683097828 884,176571517055 783,044624078798 1075,44188259795 831,118685122197 770,143524370231 904,613866055681 666,738675606486 989,0204408918 1064,97468075502 908,160653515264 866,926320527054 1638,19528724287 
*** *** *** *** *** ***
