8028,0000000000000000 8473,0000000000000000 6559,0000000000000000 6579,0000000000000000 9033,0000000000000000 7917,0000000000000000 8685,0000000000000000 6645,0000000000000000 10521,0000000000000000 9946,0000000000000000 
12743,0000000000000000 13688,0000000000000000 10391,0000000000000000 10630,0000000000000000 14419,0000000000000000 12947,0000000000000000 14169,0000000000000000 10770,0000000000000000 17084,0000000000000000 16169,0000000000000000 
15161,0000000000000000 16071,0000000000000000 12390,0000000000000000 12407,0000000000000000 17298,0000000000000000 15207,0000000000000000 16620,0000000000000000 12696,0000000000000000 20078,0000000000000000 19055,0000000000000000 
15284,0000000000000000 16498,0000000000000000 12558,0000000000000000 12779,0000000000000000 17388,0000000000000000 15082,0000000000000000 16762,0000000000000000 12833,0000000000000000 20558,0000000000000000 19415,0000000000000000 
19542,0000000000000000 20803,0000000000000000 15700,0000000000000000 16009,0000000000000000 22098,0000000000000000 19619,0000000000000000 21233,0000000000000000 16467,0000000000000000 25713,0000000000000000 24523,0000000000000000 
22578,0000000000000000 24199,0000000000000000 18134,0000000000000000 18263,0000000000000000 25047,0000000000000000 22751,0000000000000000 24343,0000000000000000 18634,0000000000000000 29754,0000000000000000 28089,0000000000000000 
15297,0000000000000000 16353,0000000000000000 12614,0000000000000000 12758,0000000000000000 17607,0000000000000000 15292,0000000000000000 16995,0000000000000000 13019,0000000000000000 20659,0000000000000000 19590,0000000000000000 
14255,0000000000000000 15101,0000000000000000 11587,0000000000000000 11574,0000000000000000 16183,0000000000000000 14622,0000000000000000 15728,0000000000000000 11958,0000000000000000 18895,0000000000000000 17951,0000000000000000 
12811,0000000000000000 13762,0000000000000000 10329,0000000000000000 10597,0000000000000000 14297,0000000000000000 12939,0000000000000000 13987,0000000000000000 10721,0000000000000000 16953,0000000000000000 16068,0000000000000000 
12154,0000000000000000 12774,0000000000000000 9752,0000000000000000 9872,0000000000000000 13296,0000000000000000 12279,0000000000000000 12970,0000000000000000 9999,0000000000000000 15672,0000000000000000 14910,0000000000000000 
*** *** *** *** *** ***
17974,0000000000000000 19203,0000000000000000 17720,0000000000000000 13853,0000000000000000 16493,0000000000000000 16986,0000000000000000 18608,0000000000000000 18017,0000000000000000 25026,0000000000000000 17107,0000000000000000 
12843,0000000000000000 13477,0000000000000000 12433,0000000000000000 9603,0000000000000000 11414,0000000000000000 11633,0000000000000000 12998,0000000000000000 12242,0000000000000000 17254,0000000000000000 11848,0000000000000000 
14457,0000000000000000 15386,0000000000000000 13815,0000000000000000 11071,0000000000000000 12892,0000000000000000 13430,0000000000000000 14577,0000000000000000 14095,0000000000000000 19803,0000000000000000 13486,0000000000000000 
16489,0000000000000000 17560,0000000000000000 16138,0000000000000000 12659,0000000000000000 14663,0000000000000000 15261,0000000000000000 16964,0000000000000000 16108,0000000000000000 22487,0000000000000000 15409,0000000000000000 
16207,0000000000000000 17373,0000000000000000 16099,0000000000000000 12464,0000000000000000 14494,0000000000000000 15059,0000000000000000 16833,0000000000000000 16127,0000000000000000 22498,0000000000000000 15379,0000000000000000 
11013,0000000000000000 11827,0000000000000000 10618,0000000000000000 8614,0000000000000000 10090,0000000000000000 10570,0000000000000000 11369,0000000000000000 10903,0000000000000000 15320,0000000000000000 10479,0000000000000000 
13569,0000000000000000 14474,0000000000000000 13090,0000000000000000 10278,0000000000000000 12206,0000000000000000 12455,0000000000000000 13887,0000000000000000 13170,0000000000000000 18490,0000000000000000 12767,0000000000000000 
17191,0000000000000000 18296,0000000000000000 16565,0000000000000000 13016,0000000000000000 15606,0000000000000000 15955,0000000000000000 17447,0000000000000000 16911,0000000000000000 23655,0000000000000000 16073,0000000000000000 
14763,0000000000000000 15918,0000000000000000 14371,0000000000000000 10850,0000000000000000 13650,0000000000000000 13406,0000000000000000 15404,0000000000000000 14353,0000000000000000 20310,0000000000000000 14000,0000000000000000 
13399,0000000000000000 14244,0000000000000000 13018,0000000000000000 10085,0000000000000000 12104,0000000000000000 12321,0000000000000000 13764,0000000000000000 12931,0000000000000000 18230,0000000000000000 12511,0000000000000000 
*** *** *** *** *** ***
