0,571 0,333 0,778 0,400 1,000 0,222 1,000 1,000 0,143 1,000 
1,000 0,333 6,000 0,833 2,000 1,000 4,500 0,667 6,000 1,333 
2,000 0,571 1,125 0,556 1,750 0,667 1,000 0,444 1,250 1,167 
1,000 2,000 1,143 4,500 0,167 0,667 4,000 2,667 0,200 1,000 
1,200 1,286 4,500 2,333 2,000 0,500 0,500 1,000 3,500 2,667 
3,000 4,500 4,000 1,286 9,000 9,000 0,778 1,000 1,000 0,429 
0,143 0,571 1,500 1,200 3,000 0,556 1,200 2,667 0,750 1,286 
0,333 0,571 0,556 1,250 1,000 1,000 8,000 1,000 4,500 1,250 
1,500 0,556 0,667 2,000 0,333 0,500 1,000 5,000 0,667 0,500 
4,500 1,500 2,667 0,333 0,500 1,000 0,500 0,125 1,250 0,400 
*** *** *** *** *** ***
1,667 1,000 1,250 3,000 3,000 2,000 1,125 0,800 7,000 0,333 
1,000 1,800 3,000 0,667 0,833 0,667 0,714 0,286 2,000 1,800 
0,778 4,500 8,000 1,000 0,333 0,500 0,375 1,167 0,375 0,250 
1,167 0,778 0,625 2,667 1,000 1,500 0,333 0,625 1,286 3,500 
3,000 1,000 2,500 1,000 0,200 4,000 0,800 3,500 0,333 0,667 
1,000 1,200 0,125 0,500 0,375 1,400 0,250 1,333 1,000 1,250 
0,667 1,000 0,500 1,500 2,250 0,667 0,286 0,200 1,667 1,143 
1,000 1,333 1,000 1,800 7,000 1,000 1,667 0,778 1,800 0,400 
1,333 0,875 0,286 1,000 2,667 0,200 1,286 2,000 0,889 0,800 
1,400 1,125 0,500 0,500 9,000 6,000 0,500 2,250 0,600 1,000 
*** *** *** *** *** ***
1,000 1,750 0,125 0,714 1,800 0,111 0,286 2,667 0,750 8,000 
0,800 0,714 0,778 0,500 8,000 2,250 3,000 0,500 1,400 4,000 
1,167 2,250 0,167 1,800 1,000 1,400 6,000 0,778 9,000 7,000 
0,750 1,125 1,000 0,125 1,167 6,000 1,500 0,429 6,000 3,500 
0,125 0,500 0,750 0,889 6,000 0,500 1,143 0,667 7,000 1,750 
3,000 0,778 1,500 0,667 0,778 0,375 0,667 0,143 1,000 2,000 
4,000 0,333 0,444 1,500 0,250 1,500 1,333 0,556 1,000 0,286 
1,000 0,333 2,000 1,000 0,875 2,000 1,000 1,500 4,500 6,000 
1,000 2,250 0,143 2,500 1,000 0,857 0,625 0,444 1,500 0,889 
0,667 2,500 0,333 0,125 7,000 1,000 2,500 0,800 1,125 6,000 
*** *** *** *** *** ***
1,400 1,000 1,800 3,000 1,167 2,333 1,333 2,000 1,143 0,667 
1,500 1,500 0,333 4,500 0,889 1,000 3,000 0,333 1,000 0,333 
0,400 1,667 0,556 2,667 0,750 0,250 6,000 1,000 1,143 1,286 
0,625 0,625 0,833 1,286 1,333 2,000 1,333 0,500 2,667 8,000 
0,714 2,000 1,143 3,000 0,750 0,875 0,833 1,000 0,143 0,889 
1,000 8,000 0,857 0,250 0,333 0,833 1,000 0,429 9,000 0,143 
0,143 0,333 0,556 1,000 1,143 1,000 0,500 0,250 1,286 4,000 
3,500 0,500 2,000 1,500 0,571 0,444 3,500 3,000 3,000 1,000 
2,667 2,000 0,667 0,222 0,889 2,667 0,375 1,125 0,857 0,750 
3,000 2,000 2,000 1,667 1,125 0,667 0,500 0,800 0,667 2,000 
*** *** *** *** *** ***
9,000 1,600 8,000 0,750 2,000 3,500 3,000 1,200 1,600 1,000 
0,889 0,111 2,500 1,000 1,250 0,500 3,000 0,444 0,444 1,000 
0,857 0,125 1,000 0,875 0,625 7,000 0,500 3,000 1,125 1,500 
1,600 0,571 8,000 0,750 1,286 0,125 0,333 2,000 4,000 2,667 
1,250 1,167 2,333 1,500 3,000 0,167 0,143 5,000 0,750 0,500 
0,750 1,125 0,778 2,250 4,000 0,429 0,167 0,200 1,143 0,167 
1,333 1,333 1,400 2,000 0,667 1,600 0,333 1,167 0,556 1,125 
1,000 0,750 0,333 1,250 0,778 0,600 0,600 2,000 0,250 0,500 
0,200 0,600 0,375 1,500 2,000 0,125 2,667 1,500 7,000 1,250 
2,250 3,500 3,000 0,333 2,000 3,000 1,143 0,875 9,000 1,667 
*** *** *** *** *** ***
3,000 2,000 2,250 6,000 0,500 7,000 1,143 0,429 7,000 0,556 
0,667 1,000 1,000 0,500 1,250 0,333 1,667 1,000 2,000 0,333 
3,500 1,333 1,167 1,500 4,000 0,111 1,000 1,000 3,000 5,000 
0,800 0,625 5,000 1,000 1,600 2,000 0,889 0,600 2,000 3,500 
0,667 1,400 1,333 0,111 3,500 0,286 4,000 1,000 1,167 1,000 
0,143 0,333 0,333 0,167 1,000 0,333 1,333 1,250 0,778 2,000 
1,800 1,143 1,500 0,714 3,500 0,778 6,000 0,250 1,000 0,571 
0,600 1,400 0,125 0,600 0,750 0,625 0,400 1,400 1,500 0,778 
0,667 8,000 2,000 1,750 0,286 0,778 0,714 1,800 2,667 1,500 
0,889 0,222 0,750 7,000 0,500 4,000 0,200 0,667 1,000 0,111 
*** *** *** *** *** ***
