04,0000000000000000 01,0000000000000000 07,0000000000000000 02,0000000000000000 03,0000000000000000 02,0000000000000000 04,0000000000000000 02,0000000000000000 01,0000000000000000 03,0000000000000000 
04,0000000000000000 02,0000000000000000 06,0000000000000000 05,0000000000000000 02,0000000000000000 04,0000000000000000 09,0000000000000000 04,0000000000000000 06,0000000000000000 04,0000000000000000 
04,0000000000000000 04,0000000000000000 09,0000000000000000 05,0000000000000000 07,0000000000000000 02,0000000000000000 07,0000000000000000 04,0000000000000000 05,0000000000000000 07,0000000000000000 
05,0000000000000000 04,0000000000000000 08,0000000000000000 09,0000000000000000 01,0000000000000000 06,0000000000000000 04,0000000000000000 08,0000000000000000 01,0000000000000000 07,0000000000000000 
06,0000000000000000 09,0000000000000000 09,0000000000000000 07,0000000000000000 08,0000000000000000 01,0000000000000000 04,0000000000000000 08,0000000000000000 07,0000000000000000 08,0000000000000000 
09,0000000000000000 09,0000000000000000 08,0000000000000000 09,0000000000000000 09,0000000000000000 09,0000000000000000 07,0000000000000000 09,0000000000000000 06,0000000000000000 03,0000000000000000 
01,0000000000000000 04,0000000000000000 06,0000000000000000 06,0000000000000000 03,0000000000000000 05,0000000000000000 06,0000000000000000 08,0000000000000000 06,0000000000000000 09,0000000000000000 
03,0000000000000000 04,0000000000000000 05,0000000000000000 05,0000000000000000 08,0000000000000000 02,0000000000000000 08,0000000000000000 02,0000000000000000 09,0000000000000000 05,0000000000000000 
06,0000000000000000 05,0000000000000000 06,0000000000000000 04,0000000000000000 02,0000000000000000 04,0000000000000000 06,0000000000000000 05,0000000000000000 04,0000000000000000 03,0000000000000000 
09,0000000000000000 06,0000000000000000 08,0000000000000000 02,0000000000000000 03,0000000000000000 04,0000000000000000 03,0000000000000000 01,0000000000000000 05,0000000000000000 02,0000000000000000 
*** *** *** *** *** ***
05,0000000000000000 03,0000000000000000 05,0000000000000000 06,0000000000000000 06,0000000000000000 08,0000000000000000 09,0000000000000000 04,0000000000000000 07,0000000000000000 01,0000000000000000 
08,0000000000000000 09,0000000000000000 03,0000000000000000 06,0000000000000000 05,0000000000000000 06,0000000000000000 05,0000000000000000 02,0000000000000000 08,0000000000000000 09,0000000000000000 
07,0000000000000000 09,0000000000000000 08,0000000000000000 04,0000000000000000 02,0000000000000000 02,0000000000000000 03,0000000000000000 07,0000000000000000 03,0000000000000000 01,0000000000000000 
07,0000000000000000 07,0000000000000000 05,0000000000000000 08,0000000000000000 07,0000000000000000 06,0000000000000000 02,0000000000000000 05,0000000000000000 09,0000000000000000 07,0000000000000000 
06,0000000000000000 08,0000000000000000 05,0000000000000000 06,0000000000000000 01,0000000000000000 04,0000000000000000 04,0000000000000000 07,0000000000000000 03,0000000000000000 06,0000000000000000 
02,0000000000000000 06,0000000000000000 01,0000000000000000 03,0000000000000000 03,0000000000000000 07,0000000000000000 02,0000000000000000 08,0000000000000000 08,0000000000000000 05,0000000000000000 
02,0000000000000000 02,0000000000000000 03,0000000000000000 09,0000000000000000 09,0000000000000000 06,0000000000000000 02,0000000000000000 01,0000000000000000 05,0000000000000000 08,0000000000000000 
09,0000000000000000 04,0000000000000000 08,0000000000000000 09,0000000000000000 07,0000000000000000 04,0000000000000000 05,0000000000000000 07,0000000000000000 09,0000000000000000 02,0000000000000000 
08,0000000000000000 07,0000000000000000 02,0000000000000000 04,0000000000000000 08,0000000000000000 01,0000000000000000 09,0000000000000000 04,0000000000000000 08,0000000000000000 04,0000000000000000 
07,0000000000000000 09,0000000000000000 01,0000000000000000 04,0000000000000000 09,0000000000000000 06,0000000000000000 02,0000000000000000 09,0000000000000000 03,0000000000000000 01,0000000000000000 
*** *** *** *** *** ***
05,0000000000000000 07,0000000000000000 01,0000000000000000 05,0000000000000000 09,0000000000000000 01,0000000000000000 02,0000000000000000 08,0000000000000000 06,0000000000000000 08,0000000000000000 
04,0000000000000000 05,0000000000000000 07,0000000000000000 03,0000000000000000 08,0000000000000000 09,0000000000000000 09,0000000000000000 01,0000000000000000 07,0000000000000000 08,0000000000000000 
07,0000000000000000 09,0000000000000000 01,0000000000000000 09,0000000000000000 06,0000000000000000 07,0000000000000000 06,0000000000000000 07,0000000000000000 09,0000000000000000 07,0000000000000000 
06,0000000000000000 09,0000000000000000 06,0000000000000000 01,0000000000000000 07,0000000000000000 06,0000000000000000 09,0000000000000000 03,0000000000000000 06,0000000000000000 07,0000000000000000 
01,0000000000000000 01,0000000000000000 03,0000000000000000 08,0000000000000000 06,0000000000000000 03,0000000000000000 08,0000000000000000 06,0000000000000000 07,0000000000000000 07,0000000000000000 
06,0000000000000000 07,0000000000000000 09,0000000000000000 06,0000000000000000 07,0000000000000000 03,0000000000000000 04,0000000000000000 01,0000000000000000 07,0000000000000000 06,0000000000000000 
08,0000000000000000 02,0000000000000000 04,0000000000000000 03,0000000000000000 01,0000000000000000 09,0000000000000000 04,0000000000000000 05,0000000000000000 01,0000000000000000 02,0000000000000000 
08,0000000000000000 02,0000000000000000 08,0000000000000000 03,0000000000000000 07,0000000000000000 02,0000000000000000 05,0000000000000000 06,0000000000000000 09,0000000000000000 06,0000000000000000 
04,0000000000000000 09,0000000000000000 01,0000000000000000 05,0000000000000000 01,0000000000000000 06,0000000000000000 05,0000000000000000 04,0000000000000000 09,0000000000000000 08,0000000000000000 
06,0000000000000000 05,0000000000000000 03,0000000000000000 01,0000000000000000 07,0000000000000000 09,0000000000000000 05,0000000000000000 04,0000000000000000 09,0000000000000000 06,0000000000000000 
*** *** *** *** *** ***
07,0000000000000000 01,0000000000000000 09,0000000000000000 09,0000000000000000 07,0000000000000000 07,0000000000000000 08,0000000000000000 08,0000000000000000 08,0000000000000000 02,0000000000000000 
06,0000000000000000 06,0000000000000000 01,0000000000000000 09,0000000000000000 08,0000000000000000 02,0000000000000000 03,0000000000000000 02,0000000000000000 05,0000000000000000 03,0000000000000000 
02,0000000000000000 05,0000000000000000 05,0000000000000000 08,0000000000000000 03,0000000000000000 01,0000000000000000 06,0000000000000000 04,0000000000000000 08,0000000000000000 09,0000000000000000 
05,0000000000000000 05,0000000000000000 05,0000000000000000 09,0000000000000000 04,0000000000000000 08,0000000000000000 04,0000000000000000 01,0000000000000000 08,0000000000000000 08,0000000000000000 
05,0000000000000000 08,0000000000000000 08,0000000000000000 06,0000000000000000 06,0000000000000000 07,0000000000000000 05,0000000000000000 04,0000000000000000 01,0000000000000000 08,0000000000000000 
01,0000000000000000 08,0000000000000000 06,0000000000000000 01,0000000000000000 01,0000000000000000 05,0000000000000000 08,0000000000000000 03,0000000000000000 09,0000000000000000 01,0000000000000000 
01,0000000000000000 02,0000000000000000 05,0000000000000000 08,0000000000000000 08,0000000000000000 02,0000000000000000 04,0000000000000000 01,0000000000000000 09,0000000000000000 08,0000000000000000 
07,0000000000000000 02,0000000000000000 04,0000000000000000 09,0000000000000000 04,0000000000000000 04,0000000000000000 07,0000000000000000 09,0000000000000000 09,0000000000000000 06,0000000000000000 
08,0000000000000000 06,0000000000000000 02,0000000000000000 02,0000000000000000 08,0000000000000000 08,0000000000000000 03,0000000000000000 09,0000000000000000 06,0000000000000000 03,0000000000000000 
09,0000000000000000 04,0000000000000000 04,0000000000000000 05,0000000000000000 09,0000000000000000 04,0000000000000000 01,0000000000000000 04,0000000000000000 06,0000000000000000 02,0000000000000000 
*** *** *** *** *** ***
09,0000000000000000 08,0000000000000000 08,0000000000000000 06,0000000000000000 02,0000000000000000 07,0000000000000000 09,0000000000000000 06,0000000000000000 08,0000000000000000 09,0000000000000000 
08,0000000000000000 01,0000000000000000 05,0000000000000000 02,0000000000000000 05,0000000000000000 03,0000000000000000 06,0000000000000000 04,0000000000000000 04,0000000000000000 03,0000000000000000 
06,0000000000000000 01,0000000000000000 02,0000000000000000 07,0000000000000000 05,0000000000000000 07,0000000000000000 01,0000000000000000 03,0000000000000000 09,0000000000000000 09,0000000000000000 
08,0000000000000000 04,0000000000000000 08,0000000000000000 06,0000000000000000 09,0000000000000000 01,0000000000000000 02,0000000000000000 04,0000000000000000 08,0000000000000000 08,0000000000000000 
05,0000000000000000 07,0000000000000000 07,0000000000000000 06,0000000000000000 09,0000000000000000 01,0000000000000000 01,0000000000000000 05,0000000000000000 03,0000000000000000 01,0000000000000000 
06,0000000000000000 09,0000000000000000 07,0000000000000000 09,0000000000000000 08,0000000000000000 03,0000000000000000 01,0000000000000000 01,0000000000000000 08,0000000000000000 01,0000000000000000 
04,0000000000000000 08,0000000000000000 07,0000000000000000 08,0000000000000000 02,0000000000000000 08,0000000000000000 02,0000000000000000 07,0000000000000000 05,0000000000000000 09,0000000000000000 
03,0000000000000000 06,0000000000000000 01,0000000000000000 05,0000000000000000 07,0000000000000000 03,0000000000000000 03,0000000000000000 08,0000000000000000 01,0000000000000000 01,0000000000000000 
01,0000000000000000 03,0000000000000000 03,0000000000000000 06,0000000000000000 08,0000000000000000 01,0000000000000000 08,0000000000000000 03,0000000000000000 07,0000000000000000 05,0000000000000000 
09,0000000000000000 07,0000000000000000 09,0000000000000000 02,0000000000000000 08,0000000000000000 06,0000000000000000 08,0000000000000000 07,0000000000000000 09,0000000000000000 05,0000000000000000 
*** *** *** *** *** ***
06,0000000000000000 06,0000000000000000 09,0000000000000000 06,0000000000000000 03,0000000000000000 07,0000000000000000 08,0000000000000000 03,0000000000000000 07,0000000000000000 05,0000000000000000 
06,0000000000000000 05,0000000000000000 08,0000000000000000 01,0000000000000000 05,0000000000000000 02,0000000000000000 05,0000000000000000 08,0000000000000000 08,0000000000000000 02,0000000000000000 
07,0000000000000000 04,0000000000000000 07,0000000000000000 03,0000000000000000 04,0000000000000000 01,0000000000000000 05,0000000000000000 06,0000000000000000 06,0000000000000000 05,0000000000000000 
04,0000000000000000 05,0000000000000000 05,0000000000000000 05,0000000000000000 08,0000000000000000 08,0000000000000000 08,0000000000000000 03,0000000000000000 06,0000000000000000 07,0000000000000000 
06,0000000000000000 07,0000000000000000 04,0000000000000000 01,0000000000000000 07,0000000000000000 02,0000000000000000 08,0000000000000000 02,0000000000000000 07,0000000000000000 07,0000000000000000 
01,0000000000000000 03,0000000000000000 02,0000000000000000 01,0000000000000000 02,0000000000000000 01,0000000000000000 04,0000000000000000 05,0000000000000000 07,0000000000000000 04,0000000000000000 
09,0000000000000000 08,0000000000000000 03,0000000000000000 05,0000000000000000 07,0000000000000000 07,0000000000000000 06,0000000000000000 02,0000000000000000 07,0000000000000000 04,0000000000000000 
03,0000000000000000 07,0000000000000000 01,0000000000000000 03,0000000000000000 06,0000000000000000 05,0000000000000000 02,0000000000000000 07,0000000000000000 09,0000000000000000 07,0000000000000000 
02,0000000000000000 08,0000000000000000 04,0000000000000000 07,0000000000000000 02,0000000000000000 07,0000000000000000 05,0000000000000000 09,0000000000000000 08,0000000000000000 06,0000000000000000 
08,0000000000000000 02,0000000000000000 06,0000000000000000 07,0000000000000000 03,0000000000000000 08,0000000000000000 01,0000000000000000 06,0000000000000000 07,0000000000000000 01,0000000000000000 
*** *** *** *** *** ***
