2,667 0,143 2,000 1,250 0,556 3,000 0,143 0,200 0,875 0,333 
0,556 0,833 1,000 1,400 0,500 1,500 4,500 0,667 6,000 3,000 
8,000 4,500 1,000 0,556 0,857 2,250 0,500 0,250 1,400 0,125 
6,000 0,143 3,000 0,222 0,600 1,286 0,250 0,800 0,333 4,500 
0,286 1,333 1,000 2,667 0,167 8,000 0,125 0,750 0,333 1,000 
0,667 7,000 2,667 0,750 0,286 1,600 0,625 0,750 0,500 1,143 
0,375 1,333 0,778 1,750 0,333 0,571 1,400 1,167 1,286 1,167 
1,500 0,667 2,333 2,500 0,286 1,000 0,500 0,333 7,000 0,444 
0,750 0,600 3,000 7,000 1,000 2,250 2,333 0,250 1,167 2,000 
0,800 0,600 0,125 0,333 1,500 0,889 0,500 1,286 0,333 1,286 
*** *** *** *** *** ***
2,667 0,143 2,000 1,250 0,556 3,000 0,143 0,200 0,875 0,333 
0,556 0,833 1,000 1,400 0,500 1,500 4,500 0,667 6,000 3,000 
8,000 4,500 1,000 0,556 0,857 2,250 0,500 0,250 1,400 0,125 
6,000 0,143 3,000 0,222 0,600 1,286 0,250 0,800 0,333 4,500 
0,286 1,333 1,000 2,667 0,167 8,000 0,125 0,750 0,333 1,000 
0,667 7,000 2,667 0,750 0,286 1,600 0,625 0,750 0,500 1,143 
0,375 1,333 0,778 1,750 0,333 0,571 1,400 1,167 1,286 1,167 
1,500 0,667 2,333 2,500 0,286 1,000 0,500 0,333 7,000 0,444 
0,750 0,600 3,000 7,000 1,000 2,250 2,333 0,250 1,167 2,000 
0,800 0,600 0,125 0,333 1,500 0,889 0,500 1,286 0,333 1,286 
*** *** *** *** *** ***
2,667 0,143 2,000 1,250 0,556 3,000 0,143 0,200 0,875 0,333 
0,556 0,833 1,000 1,400 0,500 1,500 4,500 0,667 6,000 3,000 
8,000 4,500 1,000 0,556 0,857 2,250 0,500 0,250 1,400 0,125 
6,000 0,143 3,000 0,222 0,600 1,286 0,250 0,800 0,333 4,500 
0,286 1,333 1,000 2,667 0,167 8,000 0,125 0,750 0,333 1,000 
0,667 7,000 2,667 0,750 0,286 1,600 0,625 0,750 0,500 1,143 
0,375 1,333 0,778 1,750 0,333 0,571 1,400 1,167 1,286 1,167 
1,500 0,667 2,333 2,500 0,286 1,000 0,500 0,333 7,000 0,444 
0,750 0,600 3,000 7,000 1,000 2,250 2,333 0,250 1,167 2,000 
0,800 0,600 0,125 0,333 1,500 0,889 0,500 1,286 0,333 1,286 
*** *** *** *** *** ***
