2,333 0,333 2,333 0,286 2,500 0,333 1,000 1,333 2,000 1,333 
1,000 0,571 1,500 1,333 1,000 0,875 1,000 0,429 1,000 0,333 
1,000 0,143 1,000 0,250 2,000 0,889 1,000 0,500 2,000 1,500 
1,125 1,400 2,000 2,667 2,500 1,600 4,500 7,000 1,143 2,500 
0,200 1,125 0,250 2,333 0,250 2,000 1,600 7,000 0,400 3,000 
0,375 1,333 0,750 0,111 1,000 4,500 1,125 1,200 1,000 0,667 
0,667 3,000 0,600 1,500 0,833 2,667 0,800 4,000 0,167 0,750 
1,000 1,500 0,714 0,556 4,500 0,667 0,286 0,857 1,250 1,286 
1,167 0,571 0,833 1,750 0,250 1,667 0,600 1,333 0,857 0,833 
0,143 1,667 0,667 0,286 4,000 1,000 0,750 1,000 2,500 0,125 
*** *** *** *** *** ***
2,333 0,333 2,333 0,286 2,500 0,333 1,000 1,333 2,000 1,333 
1,000 0,571 1,500 1,333 1,000 0,875 1,000 0,429 1,000 0,333 
1,000 0,143 1,000 0,250 2,000 0,889 1,000 0,500 2,000 1,500 
1,125 1,400 2,000 2,667 2,500 1,600 4,500 7,000 1,143 2,500 
0,200 1,125 0,250 2,333 0,250 2,000 1,600 7,000 0,400 3,000 
0,375 1,333 0,750 0,111 1,000 4,500 1,125 1,200 1,000 0,667 
0,667 3,000 0,600 1,500 0,833 2,667 0,800 4,000 0,167 0,750 
1,000 1,500 0,714 0,556 4,500 0,667 0,286 0,857 1,250 1,286 
1,167 0,571 0,833 1,750 0,250 1,667 0,600 1,333 0,857 0,833 
0,143 1,667 0,667 0,286 4,000 1,000 0,750 1,000 2,500 0,125 
*** *** *** *** *** ***
2,333 0,333 2,333 0,286 2,500 0,333 1,000 1,333 2,000 1,333 
1,000 0,571 1,500 1,333 1,000 0,875 1,000 0,429 1,000 0,333 
1,000 0,143 1,000 0,250 2,000 0,889 1,000 0,500 2,000 1,500 
1,125 1,400 2,000 2,667 2,500 1,600 4,500 7,000 1,143 2,500 
0,200 1,125 0,250 2,333 0,250 2,000 1,600 7,000 0,400 3,000 
0,375 1,333 0,750 0,111 1,000 4,500 1,125 1,200 1,000 0,667 
0,667 3,000 0,600 1,500 0,833 2,667 0,800 4,000 0,167 0,750 
1,000 1,500 0,714 0,556 4,500 0,667 0,286 0,857 1,250 1,286 
1,167 0,571 0,833 1,750 0,250 1,667 0,600 1,333 0,857 0,833 
0,143 1,667 0,667 0,286 4,000 1,000 0,750 1,000 2,500 0,125 
*** *** *** *** *** ***
