14 510,000 9 781,000 10 386,000 15 680,000 12 404,000 14 139,000 10 655,000 11 239,000 10 034,000 15 918,000 
11 006,000 7 519,000 7 977,000 11 926,000 9 255,000 10 734,000 8 123,000 8 342,000 7 616,000 12 242,000 
11 397,000 8 292,000 8 303,000 12 831,000 9 847,000 11 624,000 8 551,000 8 936,000 8 050,000 12 799,000 
13 158,000 9 456,000 9 724,000 14 651,000 11 340,000 13 015,000 9 791,000 10 184,000 9 125,000 14 838,000 
17 182,000 12 009,000 12 416,000 18 901,000 15 045,000 16 666,000 12 566,000 13 653,000 11 864,000 18 971,000 
15 435,000 10 333,000 11 300,000 16 593,000 12 979,000 14 907,000 11 317,000 11 760,000 10 368,000 16 784,000 
17 728,000 12 217,000 13 021,000 19 323,000 14 857,000 17 707,000 13 339,000 13 592,000 12 072,000 19 527,000 
14 547,000 9 868,000 10 638,000 15 719,000 12 297,000 14 184,000 10 806,000 11 337,000 9 816,000 15 844,000 
12 129,000 7 970,000 8 720,000 12 958,000 10 214,000 11 814,000 8 978,000 9 288,000 8 205,000 13 215,000 
10 598,000 7 526,000 7 744,000 11 740,000 9 185,000 10 577,000 7 829,000 8 150,000 7 391,000 11 793,000 
*** *** *** *** *** ***
11 072,000 9 652,000 10 142,000 11 896,000 9 398,000 9 969,000 9 354,000 9 573,000 11 330,000 13 210,000 
12 133,000 10 393,000 11 198,000 12 949,000 10 115,000 11 100,000 10 095,000 10 507,000 12 111,000 14 298,000 
13 256,000 11 433,000 12 430,000 14 124,000 10 969,000 12 311,000 11 233,000 11 602,000 13 324,000 15 602,000 
9 690,000 8 056,000 8 785,000 10 520,000 8 305,000 8 376,000 7 693,000 8 186,000 9 438,000 11 545,000 
11 272,000 9 590,000 10 538,000 12 262,000 9 395,000 9 756,000 9 079,000 9 590,000 11 255,000 13 087,000 
9 124,000 7 670,000 8 114,000 9 714,000 7 807,000 8 298,000 7 606,000 7 901,000 9 071,000 10 993,000 
11 941,000 10 131,000 11 169,000 13 034,000 10 081,000 10 851,000 9 955,000 10 291,000 11 895,000 14 189,000 
16 736,000 14 283,000 15 646,000 18 079,000 13 970,000 15 021,000 13 687,000 14 350,000 16 550,000 19 642,000 
11 438,000 9 488,000 10 334,000 12 322,000 9 721,000 10 114,000 9 354,000 9 844,000 11 408,000 13 655,000 
9 634,000 8 046,000 8 485,000 10 104,000 8 193,000 8 716,000 7 997,000 8 419,000 9 666,000 11 528,000 
*** *** *** *** *** ***
11 633,000 9 711,000 10 120,000 10 266,000 12 046,000 10 112,000 7 209,000 11 223,000 14 092,000 11 070,000 
14 439,000 12 042,000 13 016,000 12 696,000 15 416,000 13 098,000 9 153,000 13 762,000 17 808,000 14 174,000 
15 295,000 12 801,000 13 376,000 13 655,000 15 964,000 13 458,000 9 643,000 14 803,000 18 745,000 14 593,000 
13 291,000 11 180,000 11 958,000 11 854,000 14 508,000 12 143,000 8 677,000 12 800,000 16 592,000 13 334,000 
16 072,000 13 441,000 14 252,000 14 132,000 17 261,000 14 549,000 10 319,000 15 333,000 19 784,000 15 873,000 
14 816,000 12 307,000 13 090,000 13 265,000 15 602,000 13 250,000 9 574,000 14 048,000 18 228,000 14 450,000 
11 019,000 9 429,000 10 274,000 9 824,000 11 989,000 10 287,000 7 133,000 10 489,000 13 847,000 11 146,000 
16 946,000 14 130,000 15 364,000 14 988,000 17 848,000 15 281,000 10 685,000 16 157,000 20 918,000 16 383,000 
16 259,000 13 252,000 14 364,000 14 281,000 16 754,000 14 337,000 10 190,000 15 280,000 19 696,000 15 491,000 
15 905,000 13 629,000 14 558,000 14 334,000 17 134,000 14 619,000 10 305,000 15 378,000 19 999,000 15 748,000 
*** *** *** *** *** ***
