471,1678804484760000 395,4097669753090000 448,4438379734610000 781,2268158436210000 633,3642585243970000 1383,4312367724900000 306,0490309796760000 839,0943672839510000 488,1977803760390000 756,5003611111110000 
409,6499628819780000 381,4907657785340000 330,4606419393150000 645,1272471025450000 469,2743675988910000 1157,6638251133800000 349,8039485701690000 580,8525713340890000 387,6892894935750000 608,4399225245650000 
371,2598751934640000 353,0703361992950000 384,3524662263490000 542,4853242840350000 509,3077204585540000 1061,9412745653800000 284,4475468736880000 657,0215548626860000 498,3363676303860000 766,8134114386500000 
195,4757623254330000 178,4499152415600000 170,5889190932100000 329,9753591637270000 240,6961573024270000 558,3729751275510000 144,9876341779000000 308,5844779856390000 184,1689436885870000 288,3819671201810000 
226,2323514941690000 199,6392793401090000 194,7288537414970000 361,0846963183420000 316,5426152683300000 639,8103610402490000 177,2258907706600000 336,3754744425550000 229,9724331065760000 356,6568272864700000 
84,8318991379621000 90,1881727135299000 57,6204239163037000 135,8231838414380000 81,8470806248425000 216,5745866402120000 68,6596185017217000 100,1422615898210000 68,2944554673721000 110,6679082892420000 
264,7823391327430000 269,4853511983500000 229,5937260944940000 396,8573016210450000 342,5292047745020000 773,0593696853740000 210,8161418122140000 407,2126186933110000 276,7110376736670000 439,1816399416910000 
407,9122924540190000 433,7311069775130000 393,5676398337110000 547,0439176797260000 500,1658138594940000 1035,5751025132300000 320,0726806054210000 658,1438578869050000 587,2732853127360000 890,6630029919380000 
163,4594442869740000 166,8964917957920000 135,2946782354920000 249,1526573129250000 184,7220590828920000 438,1115823412700000 131,7632877456540000 235,0382531415340000 172,6167373708740000 268,8245616024190000 
198,0356390936000000 182,4366240709250000 129,5699310804570000 320,5319305345590000 189,5974085097000000 461,7153025793650000 152,4441304222310000 220,4399509479720000 163,8005679563490000 259,8760750503910000 
*** *** *** *** *** ***
162,5954952968840000 175,3425209960530000 167,2204825792750000 403,1584690728140000 170,0004531210630000 183,0742433547490000 188,5372889896700000 270,7599836230790000 401,5420640432100000 151,6960413517260000 
111,5911506011870000 116,9162564562860000 113,8191290987290000 214,3477564667840000 120,5410232688750000 119,0864701436130000 113,8442909108090000 163,0904446963970000 218,0957530234320000 93,8871399551884000 
163,1365373309820000 181,0645317880240000 169,3196523053670000 436,9175170068030000 175,8702895355670000 182,4123342624090000 195,6967088687330000 312,5132765040170000 408,5046571869490000 171,1950511603820000 
177,9544939951290000 189,8469448643650000 181,7710669294170000 396,7000406273620000 185,5092499947510000 193,2920762996560000 205,3087198706640000 271,6697650541700000 401,2771456128750000 156,7110531445090000 
134,8416847757620000 155,1027997448980000 141,8615115470790000 376,2503595049130000 145,6959341143860000 149,5491475930650000 161,4974804736710000 272,3883909543760000 333,2845407572750000 155,4268250556400000 
168,9142125692870000 161,3671696271100000 163,5669940476190000 372,8208276643990000 185,7823089359200000 172,4853162005540000 184,5450775935370000 290,1570957647460000 347,4982791832010000 139,0433843100000000 
351,2330624842530000 373,9558333333330000 360,2477598261530000 896,7959971025450000 391,2393022486770000 402,9710429657970000 406,0928345721000000 640,2791832010580000 912,1700699955910000 317,4137820189800000 
331,8229545345470000 287,0616403736100000 309,0836798941800000 714,0504101878850000 374,7292125692870000 319,8823924589680000 360,6585567688270000 576,8779957168050000 646,9787003180900000 247,3004223281020000 
132,3772427721090000 132,4256185437140000 133,7357312925170000 303,2455144557820000 152,9776945153060000 145,2226597930840000 154,0462905879940000 246,5567035147390000 297,3102203207670000 117,5538410178890000 
221,4658931720840000 234,7475929075330000 224,9712211934160000 590,5817563198120000 240,5723317166370000 254,8746288685230000 274,6676645040730000 431,0751632618070000 578,3042675264550000 217,6446309943730000 
*** *** *** *** *** ***
296,4647541887130000 194,9093679269550000 230,7597800925930000 136,4620475088180000 372,5152413233810000 452,9102973828420000 177,8724005180780000 259,1723672918240000 395,2727990887710000 308,5017678020280000 
553,5046560846560000 339,3758419548370000 422,7493772045860000 254,9159907774840000 676,7954121787600000 617,2357878243890000 277,5884600051440000 347,7738113215970000 719,2650071649030000 450,1698286853320000 
426,0815852347880000 266,6504655218570000 325,2642340443120000 198,6574790564370000 587,4762757464100000 712,7919099584280000 256,7192625661380000 324,1232662509450000 604,9756806657850000 402,6551091269840000 
233,7607762896830000 140,9471383849840000 167,6257415674600000 105,2959270282190000 295,6369364134540000 263,2883850623580000 117,7585559964730000 168,1627431342910000 310,1392294973550000 195,4772067901230000 
254,4194898221630000 190,3179282092470000 222,3062896825400000 117,1671044238680000 288,6749138322000000 398,7040640747040000 155,5239770723100000 188,3940212165110000 383,2255942582790000 299,6320638594940000 
300,2608116024190000 185,8352588970770000 223,8854950869240000 135,8720876900140000 377,7091638322000000 376,9834152966740000 161,4198500356930000 229,1742609126980000 395,6733394221890000 268,8072161858570000 
232,2579202884860000 142,0314039273120000 177,2350056689340000 107,1157969576720000 276,5544916855630000 246,1830824492500000 115,6487276392040000 160,6865281264620000 283,6496981817420000 192,8731386999240000 
162,1671064814810000 95,1092304815445000 121,0237083490800000 72,7403344408751000 212,0271001376740000 215,2223610492480000 83,4771164021164000 127,6692033179010000 219,3861293514320000 136,1769269127400000 
406,1320892857140000 231,1991501453980000 311,7675903880070000 190,0465331055260000 535,6734057697150000 567,9065098655200000 212,9064395943560000 309,6404644982990000 523,1477437904170000 317,7537782921810000 
152,7619006283070000 96,2481555755018000 122,1487530313050000 70,0033693415638000 195,9117425673970000 251,5208589222730000 92,1591661155203000 137,0104265085660000 208,0716765873020000 149,2417300485010000 
*** *** *** *** *** ***
